-0.500000 2.996102
-0.499756 2.996099
-0.499512 2.996103
-0.499267 2.996119
-0.499023 2.996131
-0.498779 2.996182
-0.498535 2.996234
-0.498291 2.996265
-0.498046 2.996300
-0.497802 2.996361
-0.497558 2.996373
-0.497314 2.996439
-0.497070 2.996487
-0.496825 2.996519
-0.496581 2.996611
-0.496337 2.996600
-0.496093 2.996568
-0.495849 2.996744
-0.495604 2.996852
-0.495360 2.997107
-0.495116 2.997119
-0.494872 2.997270
-0.494628 2.997366
-0.494383 2.997489
-0.494139 2.997518
-0.493895 2.997720
-0.493651 2.997851
-0.493407 2.997957
-0.493162 2.998079
-0.492918 2.998252
-0.492674 2.998401
-0.492430 2.998561
-0.492186 2.998724
-0.491941 2.998890
-0.491697 2.999095
-0.491453 2.999221
-0.491209 2.999430
-0.490965 2.999613
-0.490720 2.999782
-0.490476 3.000019
-0.490232 3.000200
-0.489988 3.000293
-0.489744 3.000510
-0.489499 3.000814
-0.489255 3.001087
-0.489011 3.001365
-0.488767 3.001598
-0.488523 3.001819
-0.488278 3.002245
-0.488034 3.002403
-0.487790 3.002497
-0.487546 3.002720
-0.487302 3.003113
-0.487057 3.003385
-0.486813 3.003644
-0.486569 3.003848
-0.486325 3.004179
-0.486081 3.004475
-0.485836 3.004746
-0.485592 3.005040
-0.485348 3.005383
-0.485104 3.005673
-0.484860 3.005978
-0.484615 3.006302
-0.484371 3.006625
-0.484127 3.006950
-0.483883 3.007284
-0.483639 3.007623
-0.483394 3.007984
-0.483150 3.008404
-0.482906 3.008641
-0.482662 3.009165
-0.482418 3.009414
-0.482173 3.009816
-0.481929 3.010121
-0.481685 3.010605
-0.481441 3.010930
-0.481197 3.011413
-0.480952 3.011732
-0.480708 3.012350
-0.480464 3.012492
-0.480220 3.012991
-0.479976 3.013390
-0.479731 3.013825
-0.479487 3.014388
-0.479243 3.014754
-0.478999 3.015204
-0.478755 3.015558
-0.478510 3.016025
-0.478266 3.016442
-0.478022 3.016992
-0.477778 3.017417
-0.477534 3.017900
-0.477289 3.018391
-0.477045 3.018867
-0.476801 3.019356
-0.476557 3.019814
-0.476313 3.020343
-0.476068 3.020829
-0.475824 3.021343
-0.475580 3.021912
-0.475336 3.022421
-0.475092 3.022825
-0.474847 3.023404
-0.474603 3.023889
-0.474359 3.024491
-0.474115 3.024967
-0.473871 3.025542
-0.473626 3.026135
-0.473382 3.026791
-0.473138 3.027297
-0.472894 3.027892
-0.472650 3.028515
-0.472405 3.028954
-0.472161 3.029572
-0.471917 3.030165
-0.471673 3.030808
-0.471429 3.031300
-0.471184 3.031957
-0.470940 3.032607
-0.470696 3.033214
-0.470452 3.033806
-0.470208 3.034463
-0.469963 3.035094
-0.469719 3.035736
-0.469475 3.036375
-0.469231 3.037021
-0.468987 3.037676
-0.468742 3.038359
-0.468498 3.038992
-0.468254 3.039658
-0.468010 3.040354
-0.467766 3.040969
-0.467521 3.041665
-0.467277 3.042358
-0.467033 3.043216
-0.466789 3.043898
-0.466545 3.044560
-0.466300 3.045241
-0.466056 3.045930
-0.465812 3.046593
-0.465568 3.047420
-0.465324 3.048062
-0.465079 3.048844
-0.464835 3.049620
-0.464591 3.050329
-0.464347 3.051059
-0.464103 3.051749
-0.463858 3.052582
-0.463614 3.053290
-0.463370 3.054085
-0.463126 3.054906
-0.462882 3.055631
-0.462637 3.056479
-0.462393 3.057244
-0.462149 3.058072
-0.461905 3.058873
-0.461661 3.059690
-0.461416 3.060463
-0.461172 3.061328
-0.460928 3.062127
-0.460684 3.062920
-0.460440 3.063811
-0.460195 3.064704
-0.459951 3.065558
-0.459707 3.066318
-0.459463 3.067224
-0.459219 3.068088
-0.458974 3.068966
-0.458730 3.069870
-0.458486 3.070594
-0.458242 3.071514
-0.457998 3.072514
-0.457753 3.073407
-0.457509 3.074350
-0.457265 3.075185
-0.457021 3.075990
-0.456777 3.076897
-0.456532 3.077912
-0.456288 3.078861
-0.456044 3.079788
-0.455800 3.080684
-0.455556 3.081644
-0.455311 3.082612
-0.455067 3.083496
-0.454823 3.084486
-0.454579 3.085426
-0.454335 3.086392
-0.454090 3.087375
-0.453846 3.088340
-0.453602 3.089307
-0.453358 3.090299
-0.453114 3.091321
-0.452869 3.092287
-0.452625 3.093227
-0.452381 3.094328
-0.452137 3.095263
-0.451893 3.096433
-0.451648 3.097414
-0.451404 3.098457
-0.451160 3.099428
-0.450916 3.100465
-0.450672 3.101490
-0.450427 3.102668
-0.450183 3.103628
-0.449939 3.104809
-0.449695 3.105911
-0.449451 3.106769
-0.449206 3.107901
-0.448962 3.109014
-0.448718 3.110045
-0.448474 3.111139
-0.448230 3.112311
-0.447985 3.113370
-0.447741 3.114490
-0.447497 3.115576
-0.447253 3.116733
-0.447009 3.117872
-0.446764 3.119004
-0.446520 3.120127
-0.446276 3.121261
-0.446032 3.122412
-0.445788 3.123564
-0.445543 3.124721
-0.445299 3.125867
-0.445055 3.127151
-0.444811 3.128213
-0.444567 3.129407
-0.444322 3.130600
-0.444078 3.131740
-0.443834 3.132976
-0.443590 3.134108
-0.443346 3.135411
-0.443101 3.136538
-0.442857 3.137869
-0.442613 3.138994
-0.442369 3.140248
-0.442125 3.141438
-0.441880 3.142645
-0.441636 3.144005
-0.441392 3.145263
-0.441148 3.146440
-0.440904 3.147750
-0.440659 3.148876
-0.440415 3.150216
-0.440171 3.151437
-0.439927 3.152812
-0.439683 3.154075
-0.439438 3.155346
-0.439194 3.156657
-0.438950 3.157947
-0.438706 3.159243
-0.438462 3.160588
-0.438217 3.161928
-0.437973 3.163195
-0.437729 3.164508
-0.437485 3.165890
-0.437241 3.167145
-0.436996 3.168532
-0.436752 3.169940
-0.436508 3.171302
-0.436264 3.172687
-0.436020 3.173936
-0.435775 3.175479
-0.435531 3.176786
-0.435287 3.178067
-0.435043 3.179473
-0.434799 3.180787
-0.434554 3.182182
-0.434310 3.183662
-0.434066 3.185001
-0.433822 3.186519
-0.433578 3.187954
-0.433333 3.189338
-0.433089 3.190736
-0.432845 3.192238
-0.432601 3.193566
-0.432357 3.195121
-0.432112 3.196576
-0.431868 3.198032
-0.431624 3.199470
-0.431380 3.200938
-0.431136 3.202407
-0.430891 3.203893
-0.430647 3.205367
-0.430403 3.206925
-0.430159 3.208314
-0.429915 3.209776
-0.429670 3.211342
-0.429426 3.212846
-0.429182 3.214375
-0.428938 3.215847
-0.428694 3.217417
-0.428449 3.218914
-0.428205 3.220471
-0.427961 3.222057
-0.427717 3.223656
-0.427473 3.225280
-0.427228 3.226722
-0.426984 3.228356
-0.426740 3.229848
-0.426496 3.231327
-0.426252 3.232989
-0.426007 3.234466
-0.425763 3.236103
-0.425519 3.237653
-0.425275 3.239343
-0.425031 3.240950
-0.424786 3.242619
-0.424542 3.244132
-0.424298 3.245770
-0.424054 3.247436
-0.423810 3.249076
-0.423565 3.250719
-0.423321 3.252350
-0.423077 3.254028
-0.422833 3.255609
-0.422589 3.257372
-0.422344 3.258968
-0.422100 3.260688
-0.421856 3.262366
-0.421612 3.263998
-0.421368 3.265647
-0.421123 3.267458
-0.420879 3.269018
-0.420635 3.270749
-0.420391 3.272647
-0.420147 3.274251
-0.419902 3.276131
-0.419658 3.277851
-0.419414 3.279468
-0.419170 3.281119
-0.418926 3.283135
-0.418681 3.284705
-0.418437 3.286344
-0.418193 3.288343
-0.417949 3.289987
-0.417705 3.291694
-0.417460 3.293567
-0.417216 3.295309
-0.416972 3.297113
-0.416728 3.298866
-0.416484 3.300675
-0.416239 3.302517
-0.415995 3.304311
-0.415751 3.306124
-0.415507 3.307962
-0.415263 3.309757
-0.415018 3.311569
-0.414774 3.313367
-0.414530 3.315315
-0.414286 3.317109
-0.414042 3.319106
-0.413797 3.320798
-0.413553 3.322755
-0.413309 3.324569
-0.413065 3.326434
-0.412821 3.328202
-0.412576 3.330251
-0.412332 3.332072
-0.412088 3.334061
-0.411844 3.336010
-0.411600 3.337897
-0.411355 3.339734
-0.411111 3.341828
-0.410867 3.343654
-0.410623 3.345530
-0.410379 3.347431
-0.410134 3.349551
-0.409890 3.351378
-0.409646 3.353341
-0.409402 3.355308
-0.409158 3.357277
-0.408913 3.359222
-0.408669 3.361222
-0.408425 3.363199
-0.408181 3.365186
-0.407937 3.367189
-0.407692 3.369173
-0.407448 3.371255
-0.407204 3.373202
-0.406960 3.375244
-0.406716 3.377231
-0.406471 3.379206
-0.406227 3.381306
-0.405983 3.383363
-0.405739 3.385400
-0.405495 3.387417
-0.405250 3.389423
-0.405006 3.391605
-0.404762 3.393531
-0.404518 3.395751
-0.404274 3.397706
-0.404029 3.399992
-0.403785 3.401962
-0.403541 3.404130
-0.403297 3.406124
-0.403053 3.408345
-0.402808 3.410379
-0.402564 3.412515
-0.402320 3.414669
-0.402076 3.416774
-0.401832 3.418934
-0.401587 3.421009
-0.401343 3.423213
-0.401099 3.425331
-0.400855 3.427490
-0.400611 3.429654
-0.400366 3.431824
-0.400122 3.433979
-0.399878 3.436184
-0.399634 3.438324
-0.399389 3.440614
-0.399145 3.442780
-0.398901 3.444963
-0.398657 3.447112
-0.398413 3.449474
-0.398168 3.451719
-0.397924 3.453766
-0.397680 3.456058
-0.397436 3.458230
-0.397192 3.460492
-0.396947 3.462956
-0.396703 3.465116
-0.396459 3.467440
-0.396215 3.469371
-0.395971 3.471730
-0.395726 3.474217
-0.395482 3.476342
-0.395238 3.478689
-0.394994 3.481009
-0.394750 3.483294
-0.394505 3.485605
-0.394261 3.488008
-0.394017 3.490317
-0.393773 3.492578
-0.393529 3.494931
-0.393284 3.497248
-0.393040 3.499595
-0.392796 3.501953
-0.392552 3.504315
-0.392308 3.506646
-0.392063 3.508978
-0.391819 3.511415
-0.391575 3.513753
-0.391331 3.515993
-0.391087 3.518493
-0.390842 3.520996
-0.390598 3.523292
-0.390354 3.525696
-0.390110 3.528058
-0.389866 3.530597
-0.389621 3.533125
-0.389377 3.535498
-0.389133 3.537855
-0.388889 3.540300
-0.388645 3.542719
-0.388400 3.545303
-0.388156 3.547599
-0.387912 3.550162
-0.387668 3.552558
-0.387424 3.555116
-0.387179 3.557454
-0.386935 3.560032
-0.386691 3.562562
-0.386447 3.565060
-0.386203 3.567494
-0.385958 3.570032
-0.385714 3.572577
-0.385470 3.575100
-0.385226 3.577633
-0.384982 3.580137
-0.384737 3.582668
-0.384493 3.585163
-0.384249 3.587812
-0.384005 3.590332
-0.383761 3.592902
-0.383516 3.595429
-0.383272 3.597982
-0.383028 3.600537
-0.382784 3.603213
-0.382540 3.605639
-0.382295 3.608388
-0.382051 3.610957
-0.381807 3.613549
-0.381563 3.616642
-0.381319 3.618878
-0.381074 3.621565
-0.380830 3.624079
-0.380586 3.626605
-0.380342 3.629529
-0.380098 3.632155
-0.379853 3.634837
-0.379609 3.637359
-0.379365 3.640074
-0.379121 3.642806
-0.378877 3.645563
-0.378632 3.648211
-0.378388 3.650876
-0.378144 3.653545
-0.377900 3.656248
-0.377656 3.658982
-0.377411 3.661694
-0.377167 3.664449
-0.376923 3.667147
-0.376679 3.669906
-0.376435 3.672622
-0.376190 3.675407
-0.375946 3.678160
-0.375702 3.680828
-0.375458 3.683594
-0.375214 3.686384
-0.374969 3.689260
-0.374725 3.692030
-0.374481 3.694788
-0.374237 3.697602
-0.373993 3.700491
-0.373748 3.703121
-0.373504 3.706233
-0.373260 3.708758
-0.373016 3.711552
-0.372772 3.714536
-0.372527 3.717303
-0.372283 3.720133
-0.372039 3.723060
-0.371795 3.725866
-0.371551 3.728696
-0.371306 3.731623
-0.371062 3.734536
-0.370818 3.737482
-0.370574 3.740288
-0.370330 3.743203
-0.370085 3.746101
-0.369841 3.748989
-0.369597 3.751902
-0.369353 3.754822
-0.369109 3.757740
-0.368864 3.760727
-0.368620 3.763650
-0.368376 3.766693
-0.368132 3.769617
-0.367888 3.772376
-0.367643 3.775481
-0.367399 3.778387
-0.367155 3.781317
-0.366911 3.784247
-0.366667 3.787304
-0.366422 3.790281
-0.366178 3.793229
-0.365934 3.796400
-0.365690 3.799506
-0.365446 3.802488
-0.365201 3.805484
-0.364957 3.808602
-0.364713 3.811636
-0.364469 3.814465
-0.364225 3.817686
-0.363980 3.820583
-0.363736 3.823744
-0.363492 3.826798
-0.363248 3.829836
-0.363004 3.832885
-0.362759 3.836020
-0.362515 3.839119
-0.362271 3.842217
-0.362027 3.845335
-0.361783 3.848447
-0.361538 3.851511
-0.361294 3.854645
-0.361050 3.857764
-0.360806 3.860938
-0.360562 3.864067
-0.360317 3.867236
-0.360073 3.870355
-0.359829 3.873562
-0.359585 3.876768
-0.359341 3.879722
-0.359096 3.883392
-0.358852 3.886163
-0.358608 3.889282
-0.358364 3.892506
-0.358120 3.895850
-0.357875 3.898874
-0.357631 3.902416
-0.357387 3.905610
-0.357143 3.908830
-0.356899 3.912070
-0.356654 3.915320
-0.356410 3.918573
-0.356166 3.921838
-0.355922 3.924930
-0.355678 3.928267
-0.355433 3.931602
-0.355189 3.934820
-0.354945 3.938139
-0.354701 3.941441
-0.354457 3.944755
-0.354212 3.948073
-0.353968 3.951370
-0.353724 3.954698
-0.353480 3.957991
-0.353236 3.961356
-0.352991 3.964660
-0.352747 3.967936
-0.352503 3.971304
-0.352259 3.974664
-0.352015 3.978206
-0.351770 3.981663
-0.351526 3.984794
-0.351282 3.988397
-0.351038 3.991840
-0.350794 3.995200
-0.350549 3.998384
-0.350305 4.001800
-0.350061 4.005282
-0.349817 4.008697
-0.349573 4.012255
-0.349328 4.015595
-0.349084 4.019054
-0.348840 4.022487
-0.348596 4.026045
-0.348352 4.029476
-0.348107 4.032879
-0.347863 4.036365
-0.347619 4.039868
-0.347375 4.043332
-0.347131 4.046863
-0.346886 4.050359
-0.346642 4.053874
-0.346398 4.057392
-0.346154 4.060918
-0.345910 4.064421
-0.345665 4.068035
-0.345421 4.071535
-0.345177 4.075079
-0.344933 4.078741
-0.344689 4.082197
-0.344444 4.085582
-0.344200 4.089309
-0.343956 4.093022
-0.343712 4.096373
-0.343468 4.100074
-0.343223 4.103844
-0.342979 4.107413
-0.342735 4.110698
-0.342491 4.114459
-0.342247 4.118213
-0.342002 4.121883
-0.341758 4.125652
-0.341514 4.128896
-0.341270 4.132935
-0.341026 4.136508
-0.340781 4.140208
-0.340537 4.143916
-0.340293 4.147417
-0.340049 4.151180
-0.339805 4.154885
-0.339560 4.158568
-0.339316 4.162285
-0.339072 4.166014
-0.338828 4.169722
-0.338584 4.173441
-0.338339 4.177245
-0.338095 4.180940
-0.337851 4.184737
-0.337607 4.188531
-0.337363 4.192232
-0.337118 4.195867
-0.336874 4.199923
-0.336630 4.203524
-0.336386 4.207445
-0.336142 4.211056
-0.335897 4.215006
-0.335653 4.218821
-0.335409 4.222597
-0.335165 4.226402
-0.334921 4.230284
-0.334676 4.233881
-0.334432 4.238003
-0.334188 4.241959
-0.333944 4.245837
-0.333700 4.249658
-0.333455 4.253598
-0.333211 4.257216
-0.332967 4.261135
-0.332723 4.265123
-0.332479 4.268982
-0.332234 4.272888
-0.331990 4.276767
-0.331746 4.280709
-0.331502 4.284658
-0.331258 4.288598
-0.331013 4.292514
-0.330769 4.296488
-0.330525 4.300432
-0.330281 4.304453
-0.330037 4.308347
-0.329792 4.312314
-0.329548 4.316594
-0.329304 4.320259
-0.329060 4.324278
-0.328816 4.328253
-0.328571 4.332436
-0.328327 4.336153
-0.328083 4.340442
-0.327839 4.344160
-0.327595 4.348497
-0.327350 4.352534
-0.327106 4.356403
-0.326862 4.360689
-0.326618 4.364892
-0.326374 4.368852
-0.326129 4.373204
-0.325885 4.377085
-0.325641 4.381233
-0.325397 4.385222
-0.325153 4.389460
-0.324908 4.393397
-0.324664 4.397567
-0.324420 4.401752
-0.324176 4.405903
-0.323932 4.410038
-0.323687 4.414187
-0.323443 4.418358
-0.323199 4.422562
-0.322955 4.426704
-0.322711 4.430890
-0.322466 4.435050
-0.322222 4.439241
-0.321978 4.443528
-0.321734 4.447791
-0.321490 4.451867
-0.321245 4.456163
-0.321001 4.460480
-0.320757 4.464636
-0.320513 4.468770
-0.320269 4.473171
-0.320024 4.477271
-0.319780 4.481533
-0.319536 4.485621
-0.319292 4.490267
-0.319048 4.494423
-0.318803 4.498741
-0.318559 4.502875
-0.318315 4.507489
-0.318071 4.511948
-0.317827 4.515893
-0.317582 4.520440
-0.317338 4.524927
-0.317094 4.529062
-0.316850 4.533478
-0.316606 4.537791
-0.316361 4.542211
-0.316117 4.546594
-0.315873 4.550999
-0.315629 4.555399
-0.315385 4.559709
-0.315140 4.564178
-0.314896 4.568594
-0.314652 4.573019
-0.314408 4.577523
-0.314164 4.581879
-0.313919 4.586048
-0.313675 4.590889
-0.313431 4.595186
-0.313187 4.599794
-0.312943 4.604667
-0.312698 4.608723
-0.312454 4.612976
-0.312210 4.617746
-0.311966 4.622253
-0.311722 4.626880
-0.311477 4.631160
-0.311233 4.636168
-0.310989 4.640221
-0.310745 4.644917
-0.310501 4.649439
-0.310256 4.654281
-0.310012 4.658445
-0.309768 4.663043
-0.309524 4.667733
-0.309280 4.672432
-0.309035 4.677015
-0.308791 4.681581
-0.308547 4.686171
-0.308303 4.690804
-0.308059 4.695423
-0.307814 4.700049
-0.307570 4.704752
-0.307326 4.709419
-0.307082 4.713946
-0.306838 4.718684
-0.306593 4.723458
-0.306349 4.728063
-0.306105 4.732722
-0.305861 4.737413
-0.305617 4.742172
-0.305372 4.746982
-0.305128 4.751690
-0.304884 4.756476
-0.304640 4.761108
-0.304396 4.765735
-0.304151 4.770484
-0.303907 4.775063
-0.303663 4.780094
-0.303419 4.784758
-0.303175 4.789409
-0.302930 4.794310
-0.302686 4.799285
-0.302442 4.803884
-0.302198 4.808883
-0.301954 4.813705
-0.301709 4.818564
-0.301465 4.823453
-0.301221 4.828173
-0.300977 4.833054
-0.300733 4.837942
-0.300488 4.842814
-0.300244 4.847665
-0.300000 4.852598
-0.299756 4.857450
-0.299512 4.862269
-0.299267 4.867178
-0.299023 4.872200
-0.298779 4.877205
-0.298535 4.881913
-0.298291 4.886956
-0.298046 4.892121
-0.297802 4.896965
-0.297558 4.901789
-0.297314 4.906873
-0.297070 4.911997
-0.296825 4.916834
-0.296581 4.922089
-0.296337 4.927073
-0.296093 4.932097
-0.295849 4.937255
-0.295604 4.941980
-0.295360 4.946949
-0.295116 4.952086
-0.294872 4.957023
-0.294628 4.961987
-0.294383 4.967158
-0.294139 4.972350
-0.293895 4.977322
-0.293651 4.982582
-0.293407 4.987538
-0.293162 4.992700
-0.292918 4.997820
-0.292674 5.002971
-0.292430 5.008096
-0.292186 5.013255
-0.291941 5.018394
-0.291697 5.023490
-0.291453 5.028693
-0.291209 5.033947
-0.290965 5.038922
-0.290720 5.044152
-0.290476 5.049483
-0.290232 5.054771
-0.289988 5.060016
-0.289744 5.065233
-0.289499 5.070119
-0.289255 5.075431
-0.289011 5.080953
-0.288767 5.086417
-0.288523 5.091540
-0.288278 5.096505
-0.288034 5.102018
-0.287790 5.107502
-0.287546 5.112758
-0.287302 5.118039
-0.287057 5.123251
-0.286813 5.128531
-0.286569 5.133734
-0.286325 5.139267
-0.286081 5.144779
-0.285836 5.149963
-0.285592 5.155378
-0.285348 5.160733
-0.285104 5.166148
-0.284860 5.171551
-0.284615 5.176920
-0.284371 5.182482
-0.284127 5.187715
-0.283883 5.193128
-0.283639 5.198485
-0.283394 5.204224
-0.283150 5.209432
-0.282906 5.214883
-0.282662 5.220786
-0.282418 5.226222
-0.282173 5.231439
-0.281929 5.237007
-0.281685 5.242520
-0.281441 5.248306
-0.281197 5.253389
-0.280952 5.259432
-0.280708 5.264460
-0.280464 5.270196
-0.280220 5.275689
-0.279976 5.281485
-0.279731 5.286884
-0.279487 5.292454
-0.279243 5.298272
-0.278999 5.303719
-0.278755 5.309206
-0.278510 5.315001
-0.278266 5.320523
-0.278022 5.326165
-0.277778 5.331841
-0.277534 5.337517
-0.277289 5.343195
-0.277045 5.348895
-0.276801 5.354562
-0.276557 5.360204
-0.276313 5.366024
-0.276068 5.371649
-0.275824 5.377472
-0.275580 5.383123
-0.275336 5.388847
-0.275092 5.394477
-0.274847 5.400435
-0.274603 5.406145
-0.274359 5.412030
-0.274115 5.417952
-0.273871 5.423241
-0.273626 5.429334
-0.273382 5.434979
-0.273138 5.440802
-0.272894 5.446838
-0.272650 5.452741
-0.272405 5.458529
-0.272161 5.464409
-0.271917 5.470318
-0.271673 5.475947
-0.271429 5.481836
-0.271184 5.487822
-0.270940 5.493886
-0.270696 5.499721
-0.270452 5.505571
-0.270208 5.511572
-0.269963 5.517496
-0.269719 5.523442
-0.269475 5.529416
-0.269231 5.535363
-0.268987 5.541385
-0.268742 5.547273
-0.268498 5.553524
-0.268254 5.559291
-0.268010 5.565387
-0.267766 5.571352
-0.267521 5.577352
-0.267277 5.583493
-0.267033 5.589518
-0.266789 5.595407
-0.266545 5.601549
-0.266300 5.607639
-0.266056 5.613735
-0.265812 5.619657
-0.265568 5.626315
-0.265324 5.632099
-0.265079 5.638643
-0.264835 5.644357
-0.264591 5.650710
-0.264347 5.656965
-0.264103 5.662974
-0.263858 5.669293
-0.263614 5.675162
-0.263370 5.681514
-0.263126 5.687751
-0.262882 5.693818
-0.262637 5.700191
-0.262393 5.706439
-0.262149 5.712644
-0.261905 5.718896
-0.261661 5.725090
-0.261416 5.731445
-0.261172 5.737710
-0.260928 5.744022
-0.260684 5.750422
-0.260440 5.756799
-0.260195 5.762581
-0.259951 5.769355
-0.259707 5.775814
-0.259463 5.781861
-0.259219 5.788285
-0.258974 5.794716
-0.258730 5.801187
-0.258486 5.807720
-0.258242 5.813641
-0.257998 5.820314
-0.257753 5.826989
-0.257509 5.833139
-0.257265 5.839620
-0.257021 5.846024
-0.256777 5.852385
-0.256532 5.858852
-0.256288 5.865539
-0.256044 5.872293
-0.255800 5.878449
-0.255556 5.885032
-0.255311 5.891566
-0.255067 5.898103
-0.254823 5.904673
-0.254579 5.911241
-0.254335 5.917792
-0.254090 5.924406
-0.253846 5.930995
-0.253602 5.937501
-0.253358 5.944129
-0.253114 5.950803
-0.252869 5.957134
-0.252625 5.964082
-0.252381 5.970766
-0.252137 5.977271
-0.251893 5.983991
-0.251648 5.990436
-0.251404 5.997513
-0.251160 6.004372
-0.250916 6.010840
-0.250672 6.017407
-0.250427 6.024173
-0.250183 6.030935
-0.249939 6.037497
-0.249695 6.044453
-0.249451 6.050961
-0.249206 6.058165
-0.248962 6.064505
-0.248718 6.071710
-0.248474 6.078562
-0.248230 6.085388
-0.247985 6.091819
-0.247741 6.098861
-0.247497 6.105596
-0.247253 6.112554
-0.247009 6.119504
-0.246764 6.126389
-0.246520 6.133257
-0.246276 6.140196
-0.246032 6.147228
-0.245788 6.153971
-0.245543 6.160949
-0.245299 6.168004
-0.245055 6.175118
-0.244811 6.181993
-0.244567 6.188677
-0.244322 6.195952
-0.244078 6.203213
-0.243834 6.209963
-0.243590 6.217064
-0.243346 6.223881
-0.243101 6.230830
-0.242857 6.238179
-0.242613 6.245586
-0.242369 6.252080
-0.242125 6.259466
-0.241880 6.266773
-0.241636 6.273482
-0.241392 6.280869
-0.241148 6.288018
-0.240904 6.295195
-0.240659 6.302277
-0.240415 6.309262
-0.240171 6.316691
-0.239927 6.323792
-0.239683 6.330943
-0.239438 6.338124
-0.239194 6.345380
-0.238950 6.352630
-0.238706 6.359893
-0.238462 6.367182
-0.238217 6.374355
-0.237973 6.381578
-0.237729 6.388848
-0.237485 6.396374
-0.237241 6.403635
-0.236996 6.410927
-0.236752 6.418339
-0.236508 6.425763
-0.236264 6.433327
-0.236020 6.440220
-0.235775 6.447928
-0.235531 6.455231
-0.235287 6.462543
-0.235043 6.469659
-0.234799 6.477451
-0.234554 6.484510
-0.234310 6.492412
-0.234066 6.499523
-0.233822 6.507805
-0.233578 6.515149
-0.233333 6.522224
-0.233089 6.529993
-0.232845 6.537325
-0.232601 6.545177
-0.232357 6.552572
-0.232112 6.560074
-0.231868 6.567671
-0.231624 6.575226
-0.231380 6.582883
-0.231136 6.590491
-0.230891 6.598101
-0.230647 6.605803
-0.230403 6.613581
-0.230159 6.621261
-0.229915 6.628584
-0.229670 6.636577
-0.229426 6.643929
-0.229182 6.651696
-0.228938 6.659662
-0.228694 6.667380
-0.228449 6.674678
-0.228205 6.682736
-0.227961 6.690675
-0.227717 6.698198
-0.227473 6.705761
-0.227228 6.713675
-0.226984 6.721798
-0.226740 6.729672
-0.226496 6.737255
-0.226252 6.745114
-0.226007 6.753137
-0.225763 6.761103
-0.225519 6.768991
-0.225275 6.776822
-0.225031 6.784562
-0.224786 6.792461
-0.224542 6.800611
-0.224298 6.808648
-0.224054 6.816533
-0.223810 6.824484
-0.223565 6.832487
-0.223321 6.840467
-0.223077 6.848454
-0.222833 6.856724
-0.222589 6.864546
-0.222344 6.872655
-0.222100 6.880748
-0.221856 6.888718
-0.221612 6.897216
-0.221368 6.905278
-0.221123 6.913033
-0.220879 6.921523
-0.220635 6.929199
-0.220391 6.937551
-0.220147 6.946091
-0.219902 6.953886
-0.219658 6.962146
-0.219414 6.970459
-0.219170 6.978679
-0.218926 6.986961
-0.218681 6.995059
-0.218437 7.003221
-0.218193 7.011576
-0.217949 7.019890
-0.217705 7.028142
-0.217460 7.036745
-0.217216 7.044999
-0.216972 7.053330
-0.216728 7.061504
-0.216484 7.070023
-0.216239 7.078412
-0.215995 7.086777
-0.215751 7.095187
-0.215507 7.103585
-0.215263 7.112004
-0.215018 7.120464
-0.214774 7.129053
-0.214530 7.137217
-0.214286 7.146158
-0.214042 7.154558
-0.213797 7.163263
-0.213553 7.171581
-0.213309 7.180217
-0.213065 7.188520
-0.212821 7.197406
-0.212576 7.205559
-0.212332 7.214176
-0.212088 7.223108
-0.211844 7.231318
-0.211600 7.240059
-0.211355 7.248493
-0.211111 7.257652
-0.210867 7.266372
-0.210623 7.275026
-0.210379 7.283839
-0.210134 7.292239
-0.209890 7.301114
-0.209646 7.309984
-0.209402 7.318541
-0.209158 7.327487
-0.208913 7.336322
-0.208669 7.345161
-0.208425 7.353975
-0.208181 7.362827
-0.207937 7.371619
-0.207692 7.380455
-0.207448 7.389442
-0.207204 7.398449
-0.206960 7.407215
-0.206716 7.416124
-0.206471 7.425158
-0.206227 7.433834
-0.205983 7.443072
-0.205739 7.452160
-0.205495 7.460880
-0.205250 7.469891
-0.205006 7.479263
-0.204762 7.488231
-0.204518 7.497019
-0.204274 7.506566
-0.204029 7.515341
-0.203785 7.524670
-0.203541 7.533676
-0.203297 7.542639
-0.203053 7.551344
-0.202808 7.561209
-0.202564 7.569957
-0.202320 7.579430
-0.202076 7.588711
-0.201832 7.597957
-0.201587 7.607026
-0.201343 7.616380
-0.201099 7.625667
-0.200855 7.634922
-0.200611 7.644234
-0.200366 7.653563
-0.200122 7.662858
-0.199878 7.672231
-0.199634 7.681735
-0.199389 7.691125
-0.199145 7.700472
-0.198901 7.709820
-0.198657 7.719235
-0.198413 7.728485
-0.198168 7.738077
-0.197924 7.747344
-0.197680 7.757475
-0.197436 7.766501
-0.197192 7.776247
-0.196947 7.786056
-0.196703 7.795545
-0.196459 7.805104
-0.196215 7.814323
-0.195971 7.823695
-0.195726 7.833162
-0.195482 7.843183
-0.195238 7.853122
-0.194994 7.862127
-0.194750 7.872179
-0.194505 7.881731
-0.194261 7.891487
-0.194017 7.901434
-0.193773 7.911040
-0.193529 7.920853
-0.193284 7.930574
-0.193040 7.940430
-0.192796 7.950224
-0.192552 7.960041
-0.192308 7.969900
-0.192063 7.979618
-0.191819 7.989472
-0.191575 7.999687
-0.191331 8.009714
-0.191087 8.019645
-0.190842 8.029417
-0.190598 8.039298
-0.190354 8.049276
-0.190110 8.059108
-0.189866 8.069558
-0.189621 8.079369
-0.189377 8.089592
-0.189133 8.099518
-0.188889 8.109318
-0.188645 8.119330
-0.188400 8.129722
-0.188156 8.139794
-0.187912 8.149364
-0.187668 8.160011
-0.187424 8.169847
-0.187179 8.180656
-0.186935 8.190907
-0.186691 8.200969
-0.186447 8.211388
-0.186203 8.221577
-0.185958 8.232015
-0.185714 8.242279
-0.185470 8.252519
-0.185226 8.262882
-0.184982 8.273263
-0.184737 8.283606
-0.184493 8.294161
-0.184249 8.304099
-0.184005 8.314804
-0.183761 8.325342
-0.183516 8.335928
-0.183272 8.346642
-0.183028 8.356666
-0.182784 8.366998
-0.182540 8.377557
-0.182295 8.387798
-0.182051 8.399363
-0.181807 8.409438
-0.181563 8.419948
-0.181319 8.430887
-0.181074 8.440915
-0.180830 8.451902
-0.180586 8.462342
-0.180342 8.473720
-0.180098 8.484066
-0.179853 8.495016
-0.179609 8.505402
-0.179365 8.516020
-0.179121 8.527252
-0.178877 8.537798
-0.178632 8.549054
-0.178388 8.559910
-0.178144 8.570549
-0.177900 8.581554
-0.177656 8.592532
-0.177411 8.603494
-0.177167 8.614411
-0.176923 8.625512
-0.176679 8.636432
-0.176435 8.647503
-0.176190 8.658443
-0.175946 8.669319
-0.175702 8.680245
-0.175458 8.691603
-0.175214 8.702983
-0.174969 8.714095
-0.174725 8.725496
-0.174481 8.736552
-0.174237 8.747087
-0.173993 8.758341
-0.173748 8.769494
-0.173504 8.780139
-0.173260 8.792065
-0.173016 8.803211
-0.172772 8.814823
-0.172527 8.826107
-0.172283 8.837416
-0.172039 8.848827
-0.171795 8.860476
-0.171551 8.871718
-0.171306 8.883288
-0.171062 8.894792
-0.170818 8.906036
-0.170574 8.917589
-0.170330 8.928996
-0.170085 8.940587
-0.169841 8.952198
-0.169597 8.963713
-0.169353 8.975320
-0.169109 8.986982
-0.168864 8.998735
-0.168620 9.010213
-0.168376 9.022040
-0.168132 9.033567
-0.167888 9.045144
-0.167643 9.057018
-0.167399 9.069106
-0.167155 9.080769
-0.166911 9.092573
-0.166667 9.104592
-0.166422 9.116489
-0.166178 9.128036
-0.165934 9.140121
-0.165690 9.151684
-0.165446 9.163713
-0.165201 9.176085
-0.164957 9.187773
-0.164713 9.200443
-0.164469 9.211712
-0.164225 9.224140
-0.163980 9.236299
-0.163736 9.248021
-0.163492 9.260098
-0.163248 9.272328
-0.163004 9.284528
-0.162759 9.296758
-0.162515 9.308890
-0.162271 9.321160
-0.162027 9.333402
-0.161783 9.345658
-0.161538 9.358237
-0.161294 9.370454
-0.161050 9.382770
-0.160806 9.395080
-0.160562 9.407378
-0.160317 9.419574
-0.160073 9.432734
-0.159829 9.444478
-0.159585 9.456626
-0.159341 9.469950
-0.159096 9.482602
-0.158852 9.494539
-0.158608 9.507601
-0.158364 9.520353
-0.158120 9.532897
-0.157875 9.545616
-0.157631 9.557726
-0.157387 9.570892
-0.157143 9.583435
-0.156899 9.596233
-0.156654 9.609154
-0.156410 9.621674
-0.156166 9.634658
-0.155922 9.647438
-0.155678 9.660503
-0.155433 9.673404
-0.155189 9.686239
-0.154945 9.699138
-0.154701 9.712186
-0.154457 9.725144
-0.154212 9.738153
-0.153968 9.751429
-0.153724 9.764214
-0.153480 9.777085
-0.153236 9.790926
-0.152991 9.803408
-0.152747 9.817083
-0.152503 9.829892
-0.152259 9.843636
-0.152015 9.856134
-0.151770 9.869708
-0.151526 9.883442
-0.151282 9.896154
-0.151038 9.909543
-0.150794 9.923362
-0.150549 9.936967
-0.150305 9.950250
-0.150061 9.964143
-0.149817 9.977373
-0.149573 9.990658
-0.149328 10.004345
-0.149084 10.018281
-0.148840 10.031272
-0.148596 10.044911
-0.148352 10.058486
-0.148107 10.072412
-0.147863 10.085997
-0.147619 10.099778
-0.147375 10.113508
-0.147131 10.127339
-0.146886 10.141200
-0.146642 10.154975
-0.146398 10.168973
-0.146154 10.182909
-0.145910 10.196828
-0.145665 10.211041
-0.145421 10.224378
-0.145177 10.238677
-0.144933 10.253054
-0.144689 10.267357
-0.144444 10.280806
-0.144200 10.294812
-0.143956 10.309839
-0.143712 10.323434
-0.143468 10.337947
-0.143223 10.351526
-0.142979 10.365651
-0.142735 10.380436
-0.142491 10.394156
-0.142247 10.409357
-0.142002 10.423622
-0.141758 10.437808
-0.141514 10.452866
-0.141270 10.466817
-0.141026 10.481381
-0.140781 10.496178
-0.140537 10.510779
-0.140293 10.525141
-0.140049 10.539743
-0.139805 10.554518
-0.139560 10.569171
-0.139316 10.583907
-0.139072 10.598658
-0.138828 10.613696
-0.138584 10.628675
-0.138339 10.642884
-0.138095 10.658264
-0.137851 10.672988
-0.137607 10.687551
-0.137363 10.702781
-0.137118 10.718784
-0.136874 10.732219
-0.136630 10.747457
-0.136386 10.763438
-0.136142 10.778156
-0.135897 10.794071
-0.135653 10.808143
-0.135409 10.823842
-0.135165 10.839046
-0.134921 10.855072
-0.134676 10.869605
-0.134432 10.885099
-0.134188 10.900252
-0.133944 10.916512
-0.133700 10.931832
-0.133455 10.946913
-0.133211 10.962378
-0.132967 10.977910
-0.132723 10.993771
-0.132479 11.009445
-0.132234 11.025040
-0.131990 11.040755
-0.131746 11.056528
-0.131502 11.072341
-0.131258 11.088089
-0.131013 11.103997
-0.130769 11.119792
-0.130525 11.136067
-0.130281 11.151636
-0.130037 11.168439
-0.129792 11.184067
-0.129548 11.199764
-0.129304 11.215117
-0.129060 11.231916
-0.128816 11.248348
-0.128571 11.263680
-0.128327 11.280792
-0.128083 11.297181
-0.127839 11.312804
-0.127595 11.329410
-0.127350 11.346650
-0.127106 11.361729
-0.126862 11.378665
-0.126618 11.395357
-0.126374 11.411201
-0.126129 11.427988
-0.125885 11.445179
-0.125641 11.461862
-0.125397 11.478607
-0.125153 11.495030
-0.124908 11.511875
-0.124664 11.528728
-0.124420 11.545536
-0.124176 11.562454
-0.123932 11.579238
-0.123687 11.596255
-0.123443 11.613408
-0.123199 11.630567
-0.122955 11.647298
-0.122711 11.664512
-0.122466 11.682078
-0.122222 11.698926
-0.121978 11.716499
-0.121734 11.733361
-0.121490 11.750222
-0.121245 11.768326
-0.121001 11.785003
-0.120757 11.803519
-0.120513 11.820491
-0.120269 11.837299
-0.120024 11.855636
-0.119780 11.873476
-0.119536 11.890537
-0.119292 11.908682
-0.119048 11.925892
-0.118803 11.944079
-0.118559 11.962155
-0.118315 11.980178
-0.118071 11.997733
-0.117827 12.015698
-0.117582 12.033725
-0.117338 12.051780
-0.117094 12.069744
-0.116850 12.087893
-0.116606 12.106144
-0.116361 12.124459
-0.116117 12.142602
-0.115873 12.160789
-0.115629 12.179533
-0.115385 12.197202
-0.115140 12.216368
-0.114896 12.234623
-0.114652 12.252984
-0.114408 12.272177
-0.114164 12.290741
-0.113919 12.309100
-0.113675 12.327357
-0.113431 12.347022
-0.113187 12.365212
-0.112943 12.383658
-0.112698 12.402388
-0.112454 12.421915
-0.112210 12.441457
-0.111966 12.460244
-0.111722 12.479101
-0.111477 12.498597
-0.111233 12.517717
-0.110989 12.537154
-0.110745 12.556231
-0.110501 12.575838
-0.110256 12.594759
-0.110012 12.614416
-0.109768 12.633925
-0.109524 12.653379
-0.109280 12.672946
-0.109035 12.692917
-0.108791 12.712566
-0.108547 12.732444
-0.108303 12.752204
-0.108059 12.772003
-0.107814 12.791540
-0.107570 12.811813
-0.107326 12.831699
-0.107082 12.851839
-0.106838 12.871071
-0.106593 12.892252
-0.106349 12.912073
-0.106105 12.933222
-0.105861 12.952553
-0.105617 12.973785
-0.105372 12.994297
-0.105128 13.015212
-0.104884 13.035321
-0.104640 13.055184
-0.104396 13.076087
-0.104151 13.097387
-0.103907 13.118023
-0.103663 13.138029
-0.103419 13.159218
-0.103175 13.180507
-0.102930 13.201236
-0.102686 13.222432
-0.102442 13.243696
-0.102198 13.264870
-0.101954 13.286104
-0.101709 13.307388
-0.101465 13.328755
-0.101221 13.350202
-0.100977 13.371138
-0.100733 13.393440
-0.100488 13.415337
-0.100244 13.436503
-0.100000 13.458266
-0.099756 13.479953
-0.099512 13.501545
-0.099267 13.524319
-0.099023 13.545745
-0.098779 13.567354
-0.098535 13.591062
-0.098291 13.612159
-0.098046 13.633796
-0.097802 13.656439
-0.097558 13.679808
-0.097314 13.701109
-0.097070 13.723606
-0.096825 13.745833
-0.096581 13.768950
-0.096337 13.792698
-0.096093 13.814347
-0.095849 13.837493
-0.095604 13.860483
-0.095360 13.883469
-0.095116 13.906444
-0.094872 13.929496
-0.094628 13.952676
-0.094383 13.975819
-0.094139 13.999457
-0.093895 14.022719
-0.093651 14.046176
-0.093407 14.069374
-0.093162 14.093032
-0.092918 14.116964
-0.092674 14.141316
-0.092430 14.164489
-0.092186 14.187940
-0.091941 14.211700
-0.091697 14.235987
-0.091453 14.260722
-0.091209 14.284564
-0.090965 14.308786
-0.090720 14.332435
-0.090476 14.357381
-0.090232 14.381740
-0.089988 14.406990
-0.089744 14.430825
-0.089499 14.455434
-0.089255 14.480570
-0.089011 14.506004
-0.088767 14.530636
-0.088523 14.555407
-0.088278 14.580724
-0.088034 14.606034
-0.087790 14.631301
-0.087546 14.656549
-0.087302 14.682071
-0.087057 14.707289
-0.086813 14.732985
-0.086569 14.758775
-0.086325 14.784770
-0.086081 14.809929
-0.085836 14.836381
-0.085592 14.862731
-0.085348 14.888862
-0.085104 14.914765
-0.084860 14.941217
-0.084615 14.967049
-0.084371 14.994491
-0.084127 15.020641
-0.083883 15.047026
-0.083639 15.072489
-0.083394 15.101119
-0.083150 15.127642
-0.082906 15.153968
-0.082662 15.181186
-0.082418 15.208397
-0.082173 15.235698
-0.081929 15.263588
-0.081685 15.291105
-0.081441 15.318952
-0.081197 15.345952
-0.080952 15.373924
-0.080708 15.401993
-0.080464 15.429845
-0.080220 15.457935
-0.079976 15.486097
-0.079731 15.514270
-0.079487 15.542452
-0.079243 15.571411
-0.078999 15.600056
-0.078755 15.628533
-0.078510 15.657345
-0.078266 15.685812
-0.078022 15.714644
-0.077778 15.743976
-0.077534 15.772557
-0.077289 15.802644
-0.077045 15.832600
-0.076801 15.861893
-0.076557 15.892013
-0.076313 15.921120
-0.076068 15.952011
-0.075824 15.980354
-0.075580 16.011186
-0.075336 16.041223
-0.075092 16.071945
-0.074847 16.101968
-0.074603 16.132476
-0.074359 16.163331
-0.074115 16.193752
-0.073871 16.224918
-0.073626 16.255766
-0.073382 16.286844
-0.073138 16.318142
-0.072894 16.349487
-0.072650 16.380907
-0.072405 16.413192
-0.072161 16.444029
-0.071917 16.476569
-0.071673 16.508023
-0.071429 16.540694
-0.071184 16.572818
-0.070940 16.604625
-0.070696 16.637785
-0.070452 16.670637
-0.070208 16.702559
-0.069963 16.736574
-0.069719 16.769458
-0.069475 16.801130
-0.069231 16.835774
-0.068987 16.868680
-0.068742 16.903458
-0.068498 16.937366
-0.068254 16.970725
-0.068010 17.003931
-0.067766 17.038688
-0.067521 17.073027
-0.067277 17.107127
-0.067033 17.142047
-0.066789 17.176765
-0.066545 17.211670
-0.066300 17.246706
-0.066056 17.281979
-0.065812 17.317230
-0.065568 17.352824
-0.065324 17.388763
-0.065079 17.424349
-0.064835 17.460202
-0.064591 17.495868
-0.064347 17.532500
-0.064103 17.569298
-0.063858 17.605843
-0.063614 17.644217
-0.063370 17.680471
-0.063126 17.718082
-0.062882 17.754587
-0.062637 17.792537
-0.062393 17.830722
-0.062149 17.866374
-0.061905 17.905449
-0.061661 17.943330
-0.061416 17.981927
-0.061172 18.020694
-0.060928 18.059422
-0.060684 18.098227
-0.060440 18.137333
-0.060195 18.176760
-0.059951 18.216156
-0.059707 18.255876
-0.059463 18.295638
-0.059219 18.336038
-0.058974 18.376285
-0.058730 18.416612
-0.058486 18.458060
-0.058242 18.497028
-0.057998 18.538780
-0.057753 18.580905
-0.057509 18.622413
-0.057265 18.664807
-0.057021 18.705990
-0.056777 18.748167
-0.056532 18.790173
-0.056288 18.832278
-0.056044 18.876007
-0.055800 18.918591
-0.055556 18.961964
-0.055311 19.005793
-0.055067 19.049218
-0.054823 19.093575
-0.054579 19.137653
-0.054335 19.182050
-0.054090 19.226698
-0.053846 19.271700
-0.053602 19.317107
-0.053358 19.362434
-0.053114 19.407430
-0.052869 19.453552
-0.052625 19.500154
-0.052381 19.546607
-0.052137 19.592991
-0.051893 19.639984
-0.051648 19.687099
-0.051404 19.734285
-0.051160 19.781403
-0.050916 19.830524
-0.050672 19.880209
-0.050427 19.926993
-0.050183 19.976986
-0.049939 20.025637
-0.049695 20.075305
-0.049451 20.124918
-0.049206 20.175349
-0.048962 20.225594
-0.048718 20.276533
-0.048474 20.327531
-0.048230 20.378512
-0.047985 20.430272
-0.047741 20.482961
-0.047497 20.535511
-0.047253 20.587841
-0.047009 20.639953
-0.046764 20.692767
-0.046520 20.747125
-0.046276 20.800739
-0.046032 20.856296
-0.045788 20.910803
-0.045543 20.966045
-0.045299 21.021552
-0.045055 21.077151
-0.044811 21.133273
-0.044567 21.190100
-0.044322 21.247426
-0.044078 21.304674
-0.043834 21.362932
-0.043590 21.420451
-0.043346 21.479376
-0.043101 21.540371
-0.042857 21.598586
-0.042613 21.658653
-0.042369 21.718670
-0.042125 21.778065
-0.041880 21.841262
-0.041636 21.902788
-0.041392 21.963938
-0.041148 22.027310
-0.040904 22.090712
-0.040659 22.154690
-0.040415 22.218666
-0.040171 22.283829
-0.039927 22.349133
-0.039683 22.415888
-0.039438 22.480678
-0.039194 22.548975
-0.038950 22.615070
-0.038706 22.682358
-0.038462 22.752107
-0.038217 22.822464
-0.037973 22.890172
-0.037729 22.968410
-0.037485 23.042732
-0.037241 23.117929
-0.036996 23.187385
-0.036752 23.245529
-0.036508 23.293144
-0.036264 23.376637
-0.036020 23.441767
-0.035775 23.535383
-0.035531 23.673616
-0.035287 23.638089
-0.035043 23.718336
-0.034799 23.923236
-0.034554 23.772307
-0.034310 24.188803
-0.034066 24.273791
-0.033822 24.227868
-0.033578 24.292888
-0.033333 24.497661
-0.033089 24.556697
-0.032845 24.046902
-0.032601 24.553755
-0.032357 24.985611
-0.032112 24.862160
-0.031868 24.217505
-0.031624 24.539290
-0.031380 22.631746
-0.031136 23.861379
-0.030891 26.419618
-0.030647 26.003792
-0.030403 26.497412
-0.030159 27.158745
-0.029915 25.717760
-0.029670 25.662417
-0.029426 27.371217
-0.029182 28.234162
-0.028938 30.377076
-0.028694 28.867665
-0.028449 29.523315
-0.028205 30.375782
-0.027961 26.985231
-0.027717 28.851944
-0.027473 29.900658
-0.027228 29.877586
-0.026984 32.600154
-0.026740 33.251082
-0.026496 29.176173
-0.026252 31.374508
-0.026007 33.160480
-0.025763 34.904275
-0.025519 35.247524
-0.025275 37.440528
-0.025031 36.189136
-0.024786 39.981837
-0.024542 38.114155
-0.024298 39.024726
-0.024054 41.113454
-0.023810 35.305735
-0.023565 36.659491
-0.023321 41.740223
-0.023077 42.608045
-0.022833 39.443046
-0.022589 40.838286
-0.022344 40.608836
-0.022100 42.484203
-0.021856 44.084758
-0.021612 44.662520
-0.021368 47.578853
-0.021123 41.465113
-0.020879 47.476390
-0.020635 46.286846
-0.020391 47.664614
-0.020147 46.541992
-0.019902 48.511948
-0.019658 47.038109
-0.019414 49.458389
-0.019170 47.984198
-0.018926 50.882395
-0.018681 51.181746
-0.018437 47.384575
-0.018193 51.837342
-0.017949 52.484406
-0.017705 48.432924
-0.017460 49.776339
-0.017216 47.860671
-0.016972 51.664405
-0.016728 51.236720
-0.016484 52.719051
-0.016239 53.673690
-0.015995 56.667803
-0.015751 50.596766
-0.015507 53.134563
-0.015263 54.264002
-0.015018 55.187826
-0.014774 53.571267
-0.014530 57.599477
-0.014286 55.775011
-0.014042 56.819789
-0.013797 59.180147
-0.013553 57.824849
-0.013309 55.676371
-0.013065 54.523753
-0.012821 56.897413
-0.012576 58.449013
-0.012332 61.460870
-0.012088 53.931740
-0.011844 61.753475
-0.011600 60.324219
-0.011355 58.731856
-0.011111 60.690414
-0.010867 63.182056
-0.010623 62.330235
-0.010379 58.244097
-0.010134 60.260428
-0.009890 61.742597
-0.009646 61.595327
-0.009402 64.204612
-0.009158 60.270891
-0.008913 61.662089
-0.008669 61.026399
-0.008425 63.958676
-0.008181 63.655132
-0.007937 65.420938
-0.007692 61.097414
-0.007448 63.254696
-0.007204 62.972078
-0.006960 63.990175
-0.006716 65.875442
-0.006471 63.265320
-0.006227 63.597240
-0.005983 61.313643
-0.005739 67.267095
-0.005495 62.205877
-0.005250 63.588589
-0.005006 63.294630
-0.004762 65.457141
-0.004518 63.008908
-0.004274 64.524331
-0.004029 65.116888
-0.003785 64.029170
-0.003541 66.700822
-0.003297 64.970471
-0.003053 65.613155
-0.002808 65.976525
-0.002564 66.118718
-0.002320 64.622086
-0.002076 67.621068
-0.001832 68.466447
-0.001587 65.931766
-0.001343 67.138863
-0.001099 66.311651
-0.000855 67.094666
-0.000611 65.345266
-0.000366 62.843177
-0.000122 64.178275
0.000122 64.456933
0.000366 64.178275
0.000611 62.843177
0.000855 65.345266
0.001099 67.094666
0.001343 66.311651
0.001587 67.138863
0.001832 65.931766
0.002076 68.466447
0.002320 67.621068
0.002564 64.622086
0.002808 66.118718
0.003053 65.976525
0.003297 65.613155
0.003541 64.970471
0.003785 66.700822
0.004029 64.029170
0.004274 65.116888
0.004518 64.524331
0.004762 63.008908
0.005006 65.457141
0.005250 63.294630
0.005495 63.588589
0.005739 62.205877
0.005983 67.267095
0.006227 61.313643
0.006471 63.597240
0.006716 63.265320
0.006960 65.875442
0.007204 63.990175
0.007448 62.972078
0.007692 63.254696
0.007937 61.097414
0.008181 65.420938
0.008425 63.655132
0.008669 63.958676
0.008913 61.026399
0.009158 61.662089
0.009402 60.270891
0.009646 64.204612
0.009890 61.595327
0.010134 61.742597
0.010379 60.260428
0.010623 58.244097
0.010867 62.330235
0.011111 63.182056
0.011355 60.690414
0.011600 58.731856
0.011844 60.324219
0.012088 61.753475
0.012332 53.931740
0.012576 61.460870
0.012821 58.449013
0.013065 56.897413
0.013309 54.523753
0.013553 55.676371
0.013797 57.824849
0.014042 59.180147
0.014286 56.819789
0.014530 55.775011
0.014774 57.599477
0.015018 53.571267
0.015263 55.187826
0.015507 54.264002
0.015751 53.134563
0.015995 50.596766
0.016239 56.667803
0.016484 53.673690
0.016728 52.719051
0.016972 51.236720
0.017216 51.664405
0.017460 47.860671
0.017705 49.776339
0.017949 48.432924
0.018193 52.484406
0.018437 51.837342
0.018681 47.384575
0.018926 51.181746
0.019170 50.882395
0.019414 47.984198
0.019658 49.458389
0.019902 47.038109
0.020147 48.511948
0.020391 46.541992
0.020635 47.664614
0.020879 46.286846
0.021123 47.476390
0.021368 41.465113
0.021612 47.578853
0.021856 44.662520
0.022100 44.084758
0.022344 42.484203
0.022589 40.608836
0.022833 40.838286
0.023077 39.443046
0.023321 42.608045
0.023565 41.740223
0.023810 36.659491
0.024054 35.305735
0.024298 41.113454
0.024542 39.024726
0.024786 38.114155
0.025031 39.981837
0.025275 36.189136
0.025519 37.440528
0.025763 35.247524
0.026007 34.904275
0.026252 33.160480
0.026496 31.374508
0.026740 29.176173
0.026984 33.251082
0.027228 32.600154
0.027473 29.877586
0.027717 29.900658
0.027961 28.851944
0.028205 26.985231
0.028449 30.375782
0.028694 29.523315
0.028938 28.867665
0.029182 30.377076
0.029426 28.234162
0.029670 27.371217
0.029915 25.662417
0.030159 25.717760
0.030403 27.158745
0.030647 26.497412
0.030891 26.003792
0.031136 26.419618
0.031380 23.861379
0.031624 22.631746
0.031868 24.539290
0.032112 24.217505
0.032357 24.862160
0.032601 24.985611
0.032845 24.553755
0.033089 24.046902
0.033333 24.556697
0.033578 24.497661
0.033822 24.292888
0.034066 24.227868
0.034310 24.273791
0.034554 24.188803
0.034799 23.772307
0.035043 23.923236
0.035287 23.718336
0.035531 23.638089
0.035775 23.673616
0.036020 23.535383
0.036264 23.441767
0.036508 23.376637
0.036752 23.293144
0.036996 23.245529
0.037241 23.187385
0.037485 23.117929
0.037729 23.042732
0.037973 22.968410
0.038217 22.890172
0.038462 22.822464
0.038706 22.752107
0.038950 22.682358
0.039194 22.615070
0.039438 22.548975
0.039683 22.480678
0.039927 22.415888
0.040171 22.349133
0.040415 22.283829
0.040659 22.218666
0.040904 22.154690
0.041148 22.090712
0.041392 22.027310
0.041636 21.963938
0.041880 21.902788
0.042125 21.841262
0.042369 21.778065
0.042613 21.718670
0.042857 21.658653
0.043101 21.598586
0.043346 21.540371
0.043590 21.479376
0.043834 21.420451
0.044078 21.362932
0.044322 21.304674
0.044567 21.247426
0.044811 21.190100
0.045055 21.133273
0.045299 21.077151
0.045543 21.021552
0.045788 20.966045
0.046032 20.910803
0.046276 20.856296
0.046520 20.800739
0.046764 20.747125
0.047009 20.692767
0.047253 20.639953
0.047497 20.587841
0.047741 20.535511
0.047985 20.482961
0.048230 20.430272
0.048474 20.378512
0.048718 20.327531
0.048962 20.276533
0.049206 20.225594
0.049451 20.175349
0.049695 20.124918
0.049939 20.075305
0.050183 20.025637
0.050427 19.976986
0.050672 19.926993
0.050916 19.880209
0.051160 19.830524
0.051404 19.781403
0.051648 19.734285
0.051893 19.687099
0.052137 19.639984
0.052381 19.592991
0.052625 19.546607
0.052869 19.500154
0.053114 19.453552
0.053358 19.407430
0.053602 19.362434
0.053846 19.317107
0.054090 19.271700
0.054335 19.226698
0.054579 19.182050
0.054823 19.137653
0.055067 19.093575
0.055311 19.049218
0.055556 19.005793
0.055800 18.961964
0.056044 18.918591
0.056288 18.876007
0.056532 18.832278
0.056777 18.790173
0.057021 18.748167
0.057265 18.705990
0.057509 18.664807
0.057753 18.622413
0.057998 18.580905
0.058242 18.538780
0.058486 18.497028
0.058730 18.458060
0.058974 18.416612
0.059219 18.376285
0.059463 18.336038
0.059707 18.295638
0.059951 18.255876
0.060195 18.216156
0.060440 18.176760
0.060684 18.137333
0.060928 18.098227
0.061172 18.059422
0.061416 18.020694
0.061661 17.981927
0.061905 17.943330
0.062149 17.905449
0.062393 17.866374
0.062637 17.830722
0.062882 17.792537
0.063126 17.754587
0.063370 17.718082
0.063614 17.680471
0.063858 17.644217
0.064103 17.605843
0.064347 17.569298
0.064591 17.532500
0.064835 17.495868
0.065079 17.460202
0.065324 17.424349
0.065568 17.388763
0.065812 17.352824
0.066056 17.317230
0.066300 17.281979
0.066545 17.246706
0.066789 17.211670
0.067033 17.176765
0.067277 17.142047
0.067521 17.107127
0.067766 17.073027
0.068010 17.038688
0.068254 17.003931
0.068498 16.970725
0.068742 16.937366
0.068987 16.903458
0.069231 16.868680
0.069475 16.835774
0.069719 16.801130
0.069963 16.769458
0.070208 16.736574
0.070452 16.702559
0.070696 16.670637
0.070940 16.637785
0.071184 16.604625
0.071429 16.572818
0.071673 16.540694
0.071917 16.508023
0.072161 16.476569
0.072405 16.444029
0.072650 16.413192
0.072894 16.380907
0.073138 16.349487
0.073382 16.318142
0.073626 16.286844
0.073871 16.255766
0.074115 16.224918
0.074359 16.193752
0.074603 16.163331
0.074847 16.132476
0.075092 16.101968
0.075336 16.071945
0.075580 16.041223
0.075824 16.011186
0.076068 15.980354
0.076313 15.952011
0.076557 15.921120
0.076801 15.892013
0.077045 15.861893
0.077289 15.832600
0.077534 15.802644
0.077778 15.772557
0.078022 15.743976
0.078266 15.714644
0.078510 15.685812
0.078755 15.657345
0.078999 15.628533
0.079243 15.600056
0.079487 15.571411
0.079731 15.542452
0.079976 15.514270
0.080220 15.486097
0.080464 15.457935
0.080708 15.429845
0.080952 15.401993
0.081197 15.373924
0.081441 15.345952
0.081685 15.318952
0.081929 15.291105
0.082173 15.263588
0.082418 15.235698
0.082662 15.208397
0.082906 15.181186
0.083150 15.153968
0.083394 15.127642
0.083639 15.101119
0.083883 15.072489
0.084127 15.047026
0.084371 15.020641
0.084615 14.994491
0.084860 14.967049
0.085104 14.941217
0.085348 14.914765
0.085592 14.888862
0.085836 14.862731
0.086081 14.836381
0.086325 14.809929
0.086569 14.784770
0.086813 14.758775
0.087057 14.732985
0.087302 14.707289
0.087546 14.682071
0.087790 14.656549
0.088034 14.631301
0.088278 14.606034
0.088523 14.580724
0.088767 14.555407
0.089011 14.530636
0.089255 14.506004
0.089499 14.480570
0.089744 14.455434
0.089988 14.430825
0.090232 14.406990
0.090476 14.381740
0.090720 14.357381
0.090965 14.332435
0.091209 14.308786
0.091453 14.284564
0.091697 14.260722
0.091941 14.235987
0.092186 14.211700
0.092430 14.187940
0.092674 14.164489
0.092918 14.141316
0.093162 14.116964
0.093407 14.093032
0.093651 14.069374
0.093895 14.046176
0.094139 14.022719
0.094383 13.999457
0.094628 13.975819
0.094872 13.952676
0.095116 13.929496
0.095360 13.906444
0.095604 13.883469
0.095849 13.860483
0.096093 13.837493
0.096337 13.814347
0.096581 13.792698
0.096825 13.768950
0.097070 13.745833
0.097314 13.723606
0.097558 13.701109
0.097802 13.679808
0.098046 13.656439
0.098291 13.633796
0.098535 13.612159
0.098779 13.591062
0.099023 13.567354
0.099267 13.545745
0.099512 13.524319
0.099756 13.501545
0.100000 13.479953
0.100244 13.458266
0.100488 13.436503
0.100733 13.415337
0.100977 13.393440
0.101221 13.371138
0.101465 13.350202
0.101709 13.328755
0.101954 13.307388
0.102198 13.286104
0.102442 13.264870
0.102686 13.243696
0.102930 13.222432
0.103175 13.201236
0.103419 13.180507
0.103663 13.159218
0.103907 13.138029
0.104151 13.118023
0.104396 13.097387
0.104640 13.076087
0.104884 13.055184
0.105128 13.035321
0.105372 13.015212
0.105617 12.994297
0.105861 12.973785
0.106105 12.952553
0.106349 12.933222
0.106593 12.912073
0.106838 12.892252
0.107082 12.871071
0.107326 12.851839
0.107570 12.831699
0.107814 12.811813
0.108059 12.791540
0.108303 12.772003
0.108547 12.752204
0.108791 12.732444
0.109035 12.712566
0.109280 12.692917
0.109524 12.672946
0.109768 12.653379
0.110012 12.633925
0.110256 12.614416
0.110501 12.594759
0.110745 12.575838
0.110989 12.556231
0.111233 12.537154
0.111477 12.517717
0.111722 12.498597
0.111966 12.479101
0.112210 12.460244
0.112454 12.441457
0.112698 12.421915
0.112943 12.402388
0.113187 12.383658
0.113431 12.365212
0.113675 12.347022
0.113919 12.327357
0.114164 12.309100
0.114408 12.290741
0.114652 12.272177
0.114896 12.252984
0.115140 12.234623
0.115385 12.216368
0.115629 12.197202
0.115873 12.179533
0.116117 12.160789
0.116361 12.142602
0.116606 12.124459
0.116850 12.106144
0.117094 12.087893
0.117338 12.069744
0.117582 12.051780
0.117827 12.033725
0.118071 12.015698
0.118315 11.997733
0.118559 11.980178
0.118803 11.962155
0.119048 11.944079
0.119292 11.925892
0.119536 11.908682
0.119780 11.890537
0.120024 11.873476
0.120269 11.855636
0.120513 11.837299
0.120757 11.820491
0.121001 11.803519
0.121245 11.785003
0.121490 11.768326
0.121734 11.750222
0.121978 11.733361
0.122222 11.716499
0.122466 11.698926
0.122711 11.682078
0.122955 11.664512
0.123199 11.647298
0.123443 11.630567
0.123687 11.613408
0.123932 11.596255
0.124176 11.579238
0.124420 11.562454
0.124664 11.545536
0.124908 11.528728
0.125153 11.511875
0.125397 11.495030
0.125641 11.478607
0.125885 11.461862
0.126129 11.445179
0.126374 11.427988
0.126618 11.411201
0.126862 11.395357
0.127106 11.378665
0.127350 11.361729
0.127595 11.346650
0.127839 11.329410
0.128083 11.312804
0.128327 11.297181
0.128571 11.280792
0.128816 11.263680
0.129060 11.248348
0.129304 11.231916
0.129548 11.215117
0.129792 11.199764
0.130037 11.184067
0.130281 11.168439
0.130525 11.151636
0.130769 11.136067
0.131013 11.119792
0.131258 11.103997
0.131502 11.088089
0.131746 11.072341
0.131990 11.056528
0.132234 11.040755
0.132479 11.025040
0.132723 11.009445
0.132967 10.993771
0.133211 10.977910
0.133455 10.962378
0.133700 10.946913
0.133944 10.931832
0.134188 10.916512
0.134432 10.900252
0.134676 10.885099
0.134921 10.869605
0.135165 10.855072
0.135409 10.839046
0.135653 10.823842
0.135897 10.808143
0.136142 10.794071
0.136386 10.778156
0.136630 10.763438
0.136874 10.747457
0.137118 10.732219
0.137363 10.718784
0.137607 10.702781
0.137851 10.687551
0.138095 10.672988
0.138339 10.658264
0.138584 10.642884
0.138828 10.628675
0.139072 10.613696
0.139316 10.598658
0.139560 10.583907
0.139805 10.569171
0.140049 10.554518
0.140293 10.539743
0.140537 10.525141
0.140781 10.510779
0.141026 10.496178
0.141270 10.481381
0.141514 10.466817
0.141758 10.452866
0.142002 10.437808
0.142247 10.423622
0.142491 10.409357
0.142735 10.394156
0.142979 10.380436
0.143223 10.365651
0.143468 10.351526
0.143712 10.337947
0.143956 10.323434
0.144200 10.309839
0.144444 10.294812
0.144689 10.280806
0.144933 10.267357
0.145177 10.253054
0.145421 10.238677
0.145665 10.224378
0.145910 10.211041
0.146154 10.196828
0.146398 10.182909
0.146642 10.168973
0.146886 10.154975
0.147131 10.141200
0.147375 10.127339
0.147619 10.113508
0.147863 10.099778
0.148107 10.085997
0.148352 10.072412
0.148596 10.058486
0.148840 10.044911
0.149084 10.031272
0.149328 10.018281
0.149573 10.004345
0.149817 9.990658
0.150061 9.977373
0.150305 9.964143
0.150549 9.950250
0.150794 9.936967
0.151038 9.923362
0.151282 9.909543
0.151526 9.896154
0.151770 9.883442
0.152015 9.869708
0.152259 9.856134
0.152503 9.843636
0.152747 9.829892
0.152991 9.817083
0.153236 9.803408
0.153480 9.790926
0.153724 9.777085
0.153968 9.764214
0.154212 9.751429
0.154457 9.738153
0.154701 9.725144
0.154945 9.712186
0.155189 9.699138
0.155433 9.686239
0.155678 9.673404
0.155922 9.660503
0.156166 9.647438
0.156410 9.634658
0.156654 9.621674
0.156899 9.609154
0.157143 9.596233
0.157387 9.583435
0.157631 9.570892
0.157875 9.557726
0.158120 9.545616
0.158364 9.532897
0.158608 9.520353
0.158852 9.507601
0.159096 9.494539
0.159341 9.482602
0.159585 9.469950
0.159829 9.456626
0.160073 9.444478
0.160317 9.432734
0.160562 9.419574
0.160806 9.407378
0.161050 9.395080
0.161294 9.382770
0.161538 9.370454
0.161783 9.358237
0.162027 9.345658
0.162271 9.333402
0.162515 9.321160
0.162759 9.308890
0.163004 9.296758
0.163248 9.284528
0.163492 9.272328
0.163736 9.260098
0.163980 9.248021
0.164225 9.236299
0.164469 9.224140
0.164713 9.211712
0.164957 9.200443
0.165201 9.187773
0.165446 9.176085
0.165690 9.163713
0.165934 9.151684
0.166178 9.140121
0.166422 9.128036
0.166667 9.116489
0.166911 9.104592
0.167155 9.092573
0.167399 9.080769
0.167643 9.069106
0.167888 9.057018
0.168132 9.045144
0.168376 9.033567
0.168620 9.022040
0.168864 9.010213
0.169109 8.998735
0.169353 8.986982
0.169597 8.975320
0.169841 8.963713
0.170085 8.952198
0.170330 8.940587
0.170574 8.928996
0.170818 8.917589
0.171062 8.906036
0.171306 8.894792
0.171551 8.883288
0.171795 8.871718
0.172039 8.860476
0.172283 8.848827
0.172527 8.837416
0.172772 8.826107
0.173016 8.814823
0.173260 8.803211
0.173504 8.792065
0.173748 8.780139
0.173993 8.769494
0.174237 8.758341
0.174481 8.747087
0.174725 8.736552
0.174969 8.725496
0.175214 8.714095
0.175458 8.702983
0.175702 8.691603
0.175946 8.680245
0.176190 8.669319
0.176435 8.658443
0.176679 8.647503
0.176923 8.636432
0.177167 8.625512
0.177411 8.614411
0.177656 8.603494
0.177900 8.592532
0.178144 8.581554
0.178388 8.570549
0.178632 8.559910
0.178877 8.549054
0.179121 8.537798
0.179365 8.527252
0.179609 8.516020
0.179853 8.505402
0.180098 8.495016
0.180342 8.484066
0.180586 8.473720
0.180830 8.462342
0.181074 8.451902
0.181319 8.440915
0.181563 8.430887
0.181807 8.419948
0.182051 8.409438
0.182295 8.399363
0.182540 8.387798
0.182784 8.377557
0.183028 8.366998
0.183272 8.356666
0.183516 8.346642
0.183761 8.335928
0.184005 8.325342
0.184249 8.314804
0.184493 8.304099
0.184737 8.294161
0.184982 8.283606
0.185226 8.273263
0.185470 8.262882
0.185714 8.252519
0.185958 8.242279
0.186203 8.232015
0.186447 8.221577
0.186691 8.211388
0.186935 8.200969
0.187179 8.190907
0.187424 8.180656
0.187668 8.169847
0.187912 8.160011
0.188156 8.149364
0.188400 8.139794
0.188645 8.129722
0.188889 8.119330
0.189133 8.109318
0.189377 8.099518
0.189621 8.089592
0.189866 8.079369
0.190110 8.069558
0.190354 8.059108
0.190598 8.049276
0.190842 8.039298
0.191087 8.029417
0.191331 8.019645
0.191575 8.009714
0.191819 7.999687
0.192063 7.989472
0.192308 7.979618
0.192552 7.969900
0.192796 7.960041
0.193040 7.950224
0.193284 7.940430
0.193529 7.930574
0.193773 7.920853
0.194017 7.911040
0.194261 7.901434
0.194505 7.891487
0.194750 7.881731
0.194994 7.872179
0.195238 7.862127
0.195482 7.853122
0.195726 7.843183
0.195971 7.833162
0.196215 7.823695
0.196459 7.814323
0.196703 7.805104
0.196947 7.795545
0.197192 7.786056
0.197436 7.776247
0.197680 7.766501
0.197924 7.757475
0.198168 7.747344
0.198413 7.738077
0.198657 7.728485
0.198901 7.719235
0.199145 7.709820
0.199389 7.700472
0.199634 7.691125
0.199878 7.681735
0.200122 7.672231
0.200366 7.662858
0.200611 7.653563
0.200855 7.644234
0.201099 7.634922
0.201343 7.625667
0.201587 7.616380
0.201832 7.607026
0.202076 7.597957
0.202320 7.588711
0.202564 7.579430
0.202808 7.569957
0.203053 7.561209
0.203297 7.551344
0.203541 7.542639
0.203785 7.533676
0.204029 7.524670
0.204274 7.515341
0.204518 7.506566
0.204762 7.497019
0.205006 7.488231
0.205250 7.479263
0.205495 7.469891
0.205739 7.460880
0.205983 7.452160
0.206227 7.443072
0.206471 7.433834
0.206716 7.425158
0.206960 7.416124
0.207204 7.407215
0.207448 7.398449
0.207692 7.389442
0.207937 7.380455
0.208181 7.371619
0.208425 7.362827
0.208669 7.353975
0.208913 7.345161
0.209158 7.336322
0.209402 7.327487
0.209646 7.318541
0.209890 7.309984
0.210134 7.301114
0.210379 7.292239
0.210623 7.283839
0.210867 7.275026
0.211111 7.266372
0.211355 7.257652
0.211600 7.248493
0.211844 7.240059
0.212088 7.231318
0.212332 7.223108
0.212576 7.214176
0.212821 7.205559
0.213065 7.197406
0.213309 7.188520
0.213553 7.180217
0.213797 7.171581
0.214042 7.163263
0.214286 7.154558
0.214530 7.146158
0.214774 7.137217
0.215018 7.129053
0.215263 7.120464
0.215507 7.112004
0.215751 7.103585
0.215995 7.095187
0.216239 7.086777
0.216484 7.078412
0.216728 7.070023
0.216972 7.061504
0.217216 7.053330
0.217460 7.044999
0.217705 7.036745
0.217949 7.028142
0.218193 7.019890
0.218437 7.011576
0.218681 7.003221
0.218926 6.995059
0.219170 6.986961
0.219414 6.978679
0.219658 6.970459
0.219902 6.962146
0.220147 6.953886
0.220391 6.946091
0.220635 6.937551
0.220879 6.929199
0.221123 6.921523
0.221368 6.913033
0.221612 6.905278
0.221856 6.897216
0.222100 6.888718
0.222344 6.880748
0.222589 6.872655
0.222833 6.864546
0.223077 6.856724
0.223321 6.848454
0.223565 6.840467
0.223810 6.832487
0.224054 6.824484
0.224298 6.816533
0.224542 6.808648
0.224786 6.800611
0.225031 6.792461
0.225275 6.784562
0.225519 6.776822
0.225763 6.768991
0.226007 6.761103
0.226252 6.753137
0.226496 6.745114
0.226740 6.737255
0.226984 6.729672
0.227228 6.721798
0.227473 6.713675
0.227717 6.705761
0.227961 6.698198
0.228205 6.690675
0.228449 6.682736
0.228694 6.674678
0.228938 6.667380
0.229182 6.659662
0.229426 6.651696
0.229670 6.643929
0.229915 6.636577
0.230159 6.628584
0.230403 6.621261
0.230647 6.613581
0.230891 6.605803
0.231136 6.598101
0.231380 6.590491
0.231624 6.582883
0.231868 6.575226
0.232112 6.567671
0.232357 6.560074
0.232601 6.552572
0.232845 6.545177
0.233089 6.537325
0.233333 6.529993
0.233578 6.522224
0.233822 6.515149
0.234066 6.507805
0.234310 6.499523
0.234554 6.492412
0.234799 6.484510
0.235043 6.477451
0.235287 6.469659
0.235531 6.462543
0.235775 6.455231
0.236020 6.447928
0.236264 6.440220
0.236508 6.433327
0.236752 6.425763
0.236996 6.418339
0.237241 6.410927
0.237485 6.403635
0.237729 6.396374
0.237973 6.388848
0.238217 6.381578
0.238462 6.374355
0.238706 6.367182
0.238950 6.359893
0.239194 6.352630
0.239438 6.345380
0.239683 6.338124
0.239927 6.330943
0.240171 6.323792
0.240415 6.316691
0.240659 6.309262
0.240904 6.302277
0.241148 6.295195
0.241392 6.288018
0.241636 6.280869
0.241880 6.273482
0.242125 6.266773
0.242369 6.259466
0.242613 6.252080
0.242857 6.245586
0.243101 6.238179
0.243346 6.230830
0.243590 6.223881
0.243834 6.217064
0.244078 6.209963
0.244322 6.203213
0.244567 6.195952
0.244811 6.188677
0.245055 6.181993
0.245299 6.175118
0.245543 6.168004
0.245788 6.160949
0.246032 6.153971
0.246276 6.147228
0.246520 6.140196
0.246764 6.133257
0.247009 6.126389
0.247253 6.119504
0.247497 6.112554
0.247741 6.105596
0.247985 6.098861
0.248230 6.091819
0.248474 6.085388
0.248718 6.078562
0.248962 6.071710
0.249206 6.064505
0.249451 6.058165
0.249695 6.050961
0.249939 6.044453
0.250183 6.037497
0.250427 6.030935
0.250672 6.024173
0.250916 6.017407
0.251160 6.010840
0.251404 6.004372
0.251648 5.997513
0.251893 5.990436
0.252137 5.983991
0.252381 5.977271
0.252625 5.970766
0.252869 5.964082
0.253114 5.957134
0.253358 5.950803
0.253602 5.944129
0.253846 5.937501
0.254090 5.930995
0.254335 5.924406
0.254579 5.917792
0.254823 5.911241
0.255067 5.904673
0.255311 5.898103
0.255556 5.891566
0.255800 5.885032
0.256044 5.878449
0.256288 5.872293
0.256532 5.865539
0.256777 5.858852
0.257021 5.852385
0.257265 5.846024
0.257509 5.839620
0.257753 5.833139
0.257998 5.826989
0.258242 5.820314
0.258486 5.813641
0.258730 5.807720
0.258974 5.801187
0.259219 5.794716
0.259463 5.788285
0.259707 5.781861
0.259951 5.775814
0.260195 5.769355
0.260440 5.762581
0.260684 5.756799
0.260928 5.750422
0.261172 5.744022
0.261416 5.737710
0.261661 5.731445
0.261905 5.725090
0.262149 5.718896
0.262393 5.712644
0.262637 5.706439
0.262882 5.700191
0.263126 5.693818
0.263370 5.687751
0.263614 5.681514
0.263858 5.675162
0.264103 5.669293
0.264347 5.662974
0.264591 5.656965
0.264835 5.650710
0.265079 5.644357
0.265324 5.638643
0.265568 5.632099
0.265812 5.626315
0.266056 5.619657
0.266300 5.613735
0.266545 5.607639
0.266789 5.601549
0.267033 5.595407
0.267277 5.589518
0.267521 5.583493
0.267766 5.577352
0.268010 5.571352
0.268254 5.565387
0.268498 5.559291
0.268742 5.553524
0.268987 5.547273
0.269231 5.541385
0.269475 5.535363
0.269719 5.529416
0.269963 5.523442
0.270208 5.517496
0.270452 5.511572
0.270696 5.505571
0.270940 5.499721
0.271184 5.493886
0.271429 5.487822
0.271673 5.481836
0.271917 5.475947
0.272161 5.470318
0.272405 5.464409
0.272650 5.458529
0.272894 5.452741
0.273138 5.446838
0.273382 5.440802
0.273626 5.434979
0.273871 5.429334
0.274115 5.423241
0.274359 5.417952
0.274603 5.412030
0.274847 5.406145
0.275092 5.400435
0.275336 5.394477
0.275580 5.388847
0.275824 5.383123
0.276068 5.377472
0.276313 5.371649
0.276557 5.366024
0.276801 5.360204
0.277045 5.354562
0.277289 5.348895
0.277534 5.343195
0.277778 5.337517
0.278022 5.331841
0.278266 5.326165
0.278510 5.320523
0.278755 5.315001
0.278999 5.309206
0.279243 5.303719
0.279487 5.298272
0.279731 5.292454
0.279976 5.286884
0.280220 5.281485
0.280464 5.275689
0.280708 5.270196
0.280952 5.264460
0.281197 5.259432
0.281441 5.253389
0.281685 5.248306
0.281929 5.242520
0.282173 5.237007
0.282418 5.231439
0.282662 5.226222
0.282906 5.220786
0.283150 5.214883
0.283394 5.209432
0.283639 5.204224
0.283883 5.198485
0.284127 5.193128
0.284371 5.187715
0.284615 5.182482
0.284860 5.176920
0.285104 5.171551
0.285348 5.166148
0.285592 5.160733
0.285836 5.155378
0.286081 5.149963
0.286325 5.144779
0.286569 5.139267
0.286813 5.133734
0.287057 5.128531
0.287302 5.123251
0.287546 5.118039
0.287790 5.112758
0.288034 5.107502
0.288278 5.102018
0.288523 5.096505
0.288767 5.091540
0.289011 5.086417
0.289255 5.080953
0.289499 5.075431
0.289744 5.070119
0.289988 5.065233
0.290232 5.060016
0.290476 5.054771
0.290720 5.049483
0.290965 5.044152
0.291209 5.038922
0.291453 5.033947
0.291697 5.028693
0.291941 5.023490
0.292186 5.018394
0.292430 5.013255
0.292674 5.008096
0.292918 5.002971
0.293162 4.997820
0.293407 4.992700
0.293651 4.987538
0.293895 4.982582
0.294139 4.977322
0.294383 4.972350
0.294628 4.967158
0.294872 4.961987
0.295116 4.957023
0.295360 4.952086
0.295604 4.946949
0.295849 4.941980
0.296093 4.937255
0.296337 4.932097
0.296581 4.927073
0.296825 4.922089
0.297070 4.916834
0.297314 4.911997
0.297558 4.906873
0.297802 4.901789
0.298046 4.896965
0.298291 4.892121
0.298535 4.886956
0.298779 4.881913
0.299023 4.877205
0.299267 4.872200
0.299512 4.867178
0.299756 4.862269
0.300000 4.857450
0.300244 4.852598
0.300488 4.847665
0.300733 4.842814
0.300977 4.837942
0.301221 4.833054
0.301465 4.828173
0.301709 4.823453
0.301954 4.818564
0.302198 4.813705
0.302442 4.808883
0.302686 4.803884
0.302930 4.799285
0.303175 4.794310
0.303419 4.789409
0.303663 4.784758
0.303907 4.780094
0.304151 4.775063
0.304396 4.770484
0.304640 4.765735
0.304884 4.761108
0.305128 4.756476
0.305372 4.751690
0.305617 4.746982
0.305861 4.742172
0.306105 4.737413
0.306349 4.732722
0.306593 4.728063
0.306838 4.723458
0.307082 4.718684
0.307326 4.713946
0.307570 4.709419
0.307814 4.704752
0.308059 4.700049
0.308303 4.695423
0.308547 4.690804
0.308791 4.686171
0.309035 4.681581
0.309280 4.677015
0.309524 4.672432
0.309768 4.667733
0.310012 4.663043
0.310256 4.658445
0.310501 4.654281
0.310745 4.649439
0.310989 4.644917
0.311233 4.640221
0.311477 4.636168
0.311722 4.631160
0.311966 4.626880
0.312210 4.622253
0.312454 4.617746
0.312698 4.612976
0.312943 4.608723
0.313187 4.604667
0.313431 4.599794
0.313675 4.595186
0.313919 4.590889
0.314164 4.586048
0.314408 4.581879
0.314652 4.577523
0.314896 4.573019
0.315140 4.568594
0.315385 4.564178
0.315629 4.559709
0.315873 4.555399
0.316117 4.550999
0.316361 4.546594
0.316606 4.542211
0.316850 4.537791
0.317094 4.533478
0.317338 4.529062
0.317582 4.524927
0.317827 4.520440
0.318071 4.515893
0.318315 4.511948
0.318559 4.507489
0.318803 4.502875
0.319048 4.498741
0.319292 4.494423
0.319536 4.490267
0.319780 4.485621
0.320024 4.481533
0.320269 4.477271
0.320513 4.473171
0.320757 4.468770
0.321001 4.464636
0.321245 4.460480
0.321490 4.456163
0.321734 4.451867
0.321978 4.447791
0.322222 4.443528
0.322466 4.439241
0.322711 4.435050
0.322955 4.430890
0.323199 4.426704
0.323443 4.422562
0.323687 4.418358
0.323932 4.414187
0.324176 4.410038
0.324420 4.405903
0.324664 4.401752
0.324908 4.397567
0.325153 4.393397
0.325397 4.389460
0.325641 4.385222
0.325885 4.381233
0.326129 4.377085
0.326374 4.373204
0.326618 4.368852
0.326862 4.364892
0.327106 4.360689
0.327350 4.356403
0.327595 4.352534
0.327839 4.348497
0.328083 4.344160
0.328327 4.340442
0.328571 4.336153
0.328816 4.332436
0.329060 4.328253
0.329304 4.324278
0.329548 4.320259
0.329792 4.316594
0.330037 4.312314
0.330281 4.308347
0.330525 4.304453
0.330769 4.300432
0.331013 4.296488
0.331258 4.292514
0.331502 4.288598
0.331746 4.284658
0.331990 4.280709
0.332234 4.276767
0.332479 4.272888
0.332723 4.268982
0.332967 4.265123
0.333211 4.261135
0.333455 4.257216
0.333700 4.253598
0.333944 4.249658
0.334188 4.245837
0.334432 4.241959
0.334676 4.238003
0.334921 4.233881
0.335165 4.230284
0.335409 4.226402
0.335653 4.222597
0.335897 4.218821
0.336142 4.215006
0.336386 4.211056
0.336630 4.207445
0.336874 4.203524
0.337118 4.199923
0.337363 4.195867
0.337607 4.192232
0.337851 4.188531
0.338095 4.184737
0.338339 4.180940
0.338584 4.177245
0.338828 4.173441
0.339072 4.169722
0.339316 4.166014
0.339560 4.162285
0.339805 4.158568
0.340049 4.154885
0.340293 4.151180
0.340537 4.147417
0.340781 4.143916
0.341026 4.140208
0.341270 4.136508
0.341514 4.132935
0.341758 4.128896
0.342002 4.125652
0.342247 4.121883
0.342491 4.118213
0.342735 4.114459
0.342979 4.110698
0.343223 4.107413
0.343468 4.103844
0.343712 4.100074
0.343956 4.096373
0.344200 4.093022
0.344444 4.089309
0.344689 4.085582
0.344933 4.082197
0.345177 4.078741
0.345421 4.075079
0.345665 4.071535
0.345910 4.068035
0.346154 4.064421
0.346398 4.060918
0.346642 4.057392
0.346886 4.053874
0.347131 4.050359
0.347375 4.046863
0.347619 4.043332
0.347863 4.039868
0.348107 4.036365
0.348352 4.032879
0.348596 4.029476
0.348840 4.026045
0.349084 4.022487
0.349328 4.019054
0.349573 4.015595
0.349817 4.012255
0.350061 4.008697
0.350305 4.005282
0.350549 4.001800
0.350794 3.998384
0.351038 3.995200
0.351282 3.991840
0.351526 3.988397
0.351770 3.984794
0.352015 3.981663
0.352259 3.978206
0.352503 3.974664
0.352747 3.971304
0.352991 3.967936
0.353236 3.964660
0.353480 3.961356
0.353724 3.957991
0.353968 3.954698
0.354212 3.951370
0.354457 3.948073
0.354701 3.944755
0.354945 3.941441
0.355189 3.938139
0.355433 3.934820
0.355678 3.931602
0.355922 3.928267
0.356166 3.924930
0.356410 3.921838
0.356654 3.918573
0.356899 3.915320
0.357143 3.912070
0.357387 3.908830
0.357631 3.905610
0.357875 3.902416
0.358120 3.898874
0.358364 3.895850
0.358608 3.892506
0.358852 3.889282
0.359096 3.886163
0.359341 3.883392
0.359585 3.879722
0.359829 3.876768
0.360073 3.873562
0.360317 3.870355
0.360562 3.867236
0.360806 3.864067
0.361050 3.860938
0.361294 3.857764
0.361538 3.854645
0.361783 3.851511
0.362027 3.848447
0.362271 3.845335
0.362515 3.842217
0.362759 3.839119
0.363004 3.836020
0.363248 3.832885
0.363492 3.829836
0.363736 3.826798
0.363980 3.823744
0.364225 3.820583
0.364469 3.817686
0.364713 3.814465
0.364957 3.811636
0.365201 3.808602
0.365446 3.805484
0.365690 3.802488
0.365934 3.799506
0.366178 3.796400
0.366422 3.793229
0.366667 3.790281
0.366911 3.787304
0.367155 3.784247
0.367399 3.781317
0.367643 3.778387
0.367888 3.775481
0.368132 3.772376
0.368376 3.769617
0.368620 3.766693
0.368864 3.763650
0.369109 3.760727
0.369353 3.757740
0.369597 3.754822
0.369841 3.751902
0.370085 3.748989
0.370330 3.746101
0.370574 3.743203
0.370818 3.740288
0.371062 3.737482
0.371306 3.734536
0.371551 3.731623
0.371795 3.728696
0.372039 3.725866
0.372283 3.723060
0.372527 3.720133
0.372772 3.717303
0.373016 3.714536
0.373260 3.711552
0.373504 3.708758
0.373748 3.706233
0.373993 3.703121
0.374237 3.700491
0.374481 3.697602
0.374725 3.694788
0.374969 3.692030
0.375214 3.689260
0.375458 3.686384
0.375702 3.683594
0.375946 3.680828
0.376190 3.678160
0.376435 3.675407
0.376679 3.672622
0.376923 3.669906
0.377167 3.667147
0.377411 3.664449
0.377656 3.661694
0.377900 3.658982
0.378144 3.656248
0.378388 3.653545
0.378632 3.650876
0.378877 3.648211
0.379121 3.645563
0.379365 3.642806
0.379609 3.640074
0.379853 3.637359
0.380098 3.634837
0.380342 3.632155
0.380586 3.629529
0.380830 3.626605
0.381074 3.624079
0.381319 3.621565
0.381563 3.618878
0.381807 3.616642
0.382051 3.613549
0.382295 3.610957
0.382540 3.608388
0.382784 3.605639
0.383028 3.603213
0.383272 3.600537
0.383516 3.597982
0.383761 3.595429
0.384005 3.592902
0.384249 3.590332
0.384493 3.587812
0.384737 3.585163
0.384982 3.582668
0.385226 3.580137
0.385470 3.577633
0.385714 3.575100
0.385958 3.572577
0.386203 3.570032
0.386447 3.567494
0.386691 3.565060
0.386935 3.562562
0.387179 3.560032
0.387424 3.557454
0.387668 3.555116
0.387912 3.552558
0.388156 3.550162
0.388400 3.547599
0.388645 3.545303
0.388889 3.542719
0.389133 3.540300
0.389377 3.537855
0.389621 3.535498
0.389866 3.533125
0.390110 3.530597
0.390354 3.528058
0.390598 3.525696
0.390842 3.523292
0.391087 3.520996
0.391331 3.518493
0.391575 3.515993
0.391819 3.513753
0.392063 3.511415
0.392308 3.508978
0.392552 3.506646
0.392796 3.504315
0.393040 3.501953
0.393284 3.499595
0.393529 3.497248
0.393773 3.494931
0.394017 3.492578
0.394261 3.490317
0.394505 3.488008
0.394750 3.485605
0.394994 3.483294
0.395238 3.481009
0.395482 3.478689
0.395726 3.476342
0.395971 3.474217
0.396215 3.471730
0.396459 3.469371
0.396703 3.467440
0.396947 3.465116
0.397192 3.462956
0.397436 3.460492
0.397680 3.458230
0.397924 3.456058
0.398168 3.453766
0.398413 3.451719
0.398657 3.449474
0.398901 3.447112
0.399145 3.444963
0.399389 3.442780
0.399634 3.440614
0.399878 3.438324
0.400122 3.436184
0.400366 3.433979
0.400611 3.431824
0.400855 3.429654
0.401099 3.427490
0.401343 3.425331
0.401587 3.423213
0.401832 3.421009
0.402076 3.418934
0.402320 3.416774
0.402564 3.414669
0.402808 3.412515
0.403053 3.410379
0.403297 3.408345
0.403541 3.406124
0.403785 3.404130
0.404029 3.401962
0.404274 3.399992
0.404518 3.397706
0.404762 3.395751
0.405006 3.393531
0.405250 3.391605
0.405495 3.389423
0.405739 3.387417
0.405983 3.385400
0.406227 3.383363
0.406471 3.381306
0.406716 3.379206
0.406960 3.377231
0.407204 3.375244
0.407448 3.373202
0.407692 3.371255
0.407937 3.369173
0.408181 3.367189
0.408425 3.365186
0.408669 3.363199
0.408913 3.361222
0.409158 3.359222
0.409402 3.357277
0.409646 3.355308
0.409890 3.353341
0.410134 3.351378
0.410379 3.349551
0.410623 3.347431
0.410867 3.345530
0.411111 3.343654
0.411355 3.341828
0.411600 3.339734
0.411844 3.337897
0.412088 3.336010
0.412332 3.334061
0.412576 3.332072
0.412821 3.330251
0.413065 3.328202
0.413309 3.326434
0.413553 3.324569
0.413797 3.322755
0.414042 3.320798
0.414286 3.319106
0.414530 3.317109
0.414774 3.315315
0.415018 3.313367
0.415263 3.311569
0.415507 3.309757
0.415751 3.307962
0.415995 3.306124
0.416239 3.304311
0.416484 3.302517
0.416728 3.300675
0.416972 3.298866
0.417216 3.297113
0.417460 3.295309
0.417705 3.293567
0.417949 3.291694
0.418193 3.289987
0.418437 3.288343
0.418681 3.286344
0.418926 3.284705
0.419170 3.283135
0.419414 3.281119
0.419658 3.279468
0.419902 3.277851
0.420147 3.276131
0.420391 3.274251
0.420635 3.272647
0.420879 3.270749
0.421123 3.269018
0.421368 3.267458
0.421612 3.265647
0.421856 3.263998
0.422100 3.262366
0.422344 3.260688
0.422589 3.258968
0.422833 3.257372
0.423077 3.255609
0.423321 3.254028
0.423565 3.252350
0.423810 3.250719
0.424054 3.249076
0.424298 3.247436
0.424542 3.245770
0.424786 3.244132
0.425031 3.242619
0.425275 3.240950
0.425519 3.239343
0.425763 3.237653
0.426007 3.236103
0.426252 3.234466
0.426496 3.232989
0.426740 3.231327
0.426984 3.229848
0.427228 3.228356
0.427473 3.226722
0.427717 3.225280
0.427961 3.223656
0.428205 3.222057
0.428449 3.220471
0.428694 3.218914
0.428938 3.217417
0.429182 3.215847
0.429426 3.214375
0.429670 3.212846
0.429915 3.211342
0.430159 3.209776
0.430403 3.208314
0.430647 3.206925
0.430891 3.205367
0.431136 3.203893
0.431380 3.202407
0.431624 3.200938
0.431868 3.199470
0.432112 3.198032
0.432357 3.196576
0.432601 3.195121
0.432845 3.193566
0.433089 3.192238
0.433333 3.190736
0.433578 3.189338
0.433822 3.187954
0.434066 3.186519
0.434310 3.185001
0.434554 3.183662
0.434799 3.182182
0.435043 3.180787
0.435287 3.179473
0.435531 3.178067
0.435775 3.176786
0.436020 3.175479
0.436264 3.173936
0.436508 3.172687
0.436752 3.171302
0.436996 3.169940
0.437241 3.168532
0.437485 3.167145
0.437729 3.165890
0.437973 3.164508
0.438217 3.163195
0.438462 3.161928
0.438706 3.160588
0.438950 3.159243
0.439194 3.157947
0.439438 3.156657
0.439683 3.155346
0.439927 3.154075
0.440171 3.152812
0.440415 3.151437
0.440659 3.150216
0.440904 3.148876
0.441148 3.147750
0.441392 3.146440
0.441636 3.145263
0.441880 3.144005
0.442125 3.142645
0.442369 3.141438
0.442613 3.140248
0.442857 3.138994
0.443101 3.137869
0.443346 3.136538
0.443590 3.135411
0.443834 3.134108
0.444078 3.132976
0.444322 3.131740
0.444567 3.130600
0.444811 3.129407
0.445055 3.128213
0.445299 3.127151
0.445543 3.125867
0.445788 3.124721
0.446032 3.123564
0.446276 3.122412
0.446520 3.121261
0.446764 3.120127
0.447009 3.119004
0.447253 3.117872
0.447497 3.116733
0.447741 3.115576
0.447985 3.114490
0.448230 3.113370
0.448474 3.112311
0.448718 3.111139
0.448962 3.110045
0.449206 3.109014
0.449451 3.107901
0.449695 3.106769
0.449939 3.105911
0.450183 3.104809
0.450427 3.103628
0.450672 3.102668
0.450916 3.101490
0.451160 3.100465
0.451404 3.099428
0.451648 3.098457
0.451893 3.097414
0.452137 3.096433
0.452381 3.095263
0.452625 3.094328
0.452869 3.093227
0.453114 3.092287
0.453358 3.091321
0.453602 3.090299
0.453846 3.089307
0.454090 3.088340
0.454335 3.087375
0.454579 3.086392
0.454823 3.085426
0.455067 3.084486
0.455311 3.083496
0.455556 3.082612
0.455800 3.081644
0.456044 3.080684
0.456288 3.079788
0.456532 3.078861
0.456777 3.077912
0.457021 3.076897
0.457265 3.075990
0.457509 3.075185
0.457753 3.074350
0.457998 3.073407
0.458242 3.072514
0.458486 3.071514
0.458730 3.070594
0.458974 3.069870
0.459219 3.068966
0.459463 3.068088
0.459707 3.067224
0.459951 3.066318
0.460195 3.065558
0.460440 3.064704
0.460684 3.063811
0.460928 3.062920
0.461172 3.062127
0.461416 3.061328
0.461661 3.060463
0.461905 3.059690
0.462149 3.058873
0.462393 3.058072
0.462637 3.057244
0.462882 3.056479
0.463126 3.055631
0.463370 3.054906
0.463614 3.054085
0.463858 3.053290
0.464103 3.052582
0.464347 3.051749
0.464591 3.051059
0.464835 3.050329
0.465079 3.049620
0.465324 3.048844
0.465568 3.048062
0.465812 3.047420
0.466056 3.046593
0.466300 3.045930
0.466545 3.045241
0.466789 3.044560
0.467033 3.043898
0.467277 3.043216
0.467521 3.042358
0.467766 3.041665
0.468010 3.040969
0.468254 3.040354
0.468498 3.039658
0.468742 3.038992
0.468987 3.038359
0.469231 3.037676
0.469475 3.037021
0.469719 3.036375
0.469963 3.035736
0.470208 3.035094
0.470452 3.034463
0.470696 3.033806
0.470940 3.033214
0.471184 3.032607
0.471429 3.031957
0.471673 3.031300
0.471917 3.030808
0.472161 3.030165
0.472405 3.029572
0.472650 3.028954
0.472894 3.028515
0.473138 3.027892
0.473382 3.027297
0.473626 3.026791
0.473871 3.026135
0.474115 3.025542
0.474359 3.024967
0.474603 3.024491
0.474847 3.023889
0.475092 3.023404
0.475336 3.022825
0.475580 3.022421
0.475824 3.021912
0.476068 3.021343
0.476313 3.020829
0.476557 3.020343
0.476801 3.019814
0.477045 3.019356
0.477289 3.018867
0.477534 3.018391
0.477778 3.017900
0.478022 3.017417
0.478266 3.016992
0.478510 3.016442
0.478755 3.016025
0.478999 3.015558
0.479243 3.015204
0.479487 3.014754
0.479731 3.014388
0.479976 3.013825
0.480220 3.013390
0.480464 3.012991
0.480708 3.012492
0.480952 3.012350
0.481197 3.011732
0.481441 3.011413
0.481685 3.010930
0.481929 3.010605
0.482173 3.010121
0.482418 3.009816
0.482662 3.009414
0.482906 3.009165
0.483150 3.008641
0.483394 3.008404
0.483639 3.007984
0.483883 3.007623
0.484127 3.007284
0.484371 3.006950
0.484615 3.006625
0.484860 3.006302
0.485104 3.005978
0.485348 3.005673
0.485592 3.005383
0.485836 3.005040
0.486081 3.004746
0.486325 3.004475
0.486569 3.004179
0.486813 3.003848
0.487057 3.003644
0.487302 3.003385
0.487546 3.003113
0.487790 3.002720
0.488034 3.002497
0.488278 3.002403
0.488523 3.002245
0.488767 3.001819
0.489011 3.001598
0.489255 3.001365
0.489499 3.001087
0.489744 3.000814
0.489988 3.000510
0.490232 3.000293
0.490476 3.000200
0.490720 3.000019
0.490965 2.999782
0.491209 2.999613
0.491453 2.999430
0.491697 2.999221
0.491941 2.999095
0.492186 2.998890
0.492430 2.998724
0.492674 2.998561
0.492918 2.998401
0.493162 2.998252
0.493407 2.998079
0.493651 2.997957
0.493895 2.997851
0.494139 2.997720
0.494383 2.997518
0.494628 2.997489
0.494872 2.997366
0.495116 2.997270
0.495360 2.997119
0.495604 2.997107
0.495849 2.996852
0.496093 2.996744
0.496337 2.996568
0.496581 2.996600
0.496825 2.996611
0.497070 2.996519
0.497314 2.996487
0.497558 2.996439
0.497802 2.996373
0.498046 2.996361
0.498291 2.996300
0.498535 2.996265
0.498779 2.996234
0.499023 2.996182
0.499267 2.996131
0.499512 2.996119
0.499756 2.996103
0.500000 2.996099
