-0.500000 2.932170
-0.499267 2.931660
-0.498535 2.931797
-0.497802 2.931508
-0.497070 2.931787
-0.496337 2.931812
-0.495604 2.932290
-0.494872 2.932376
-0.494139 2.932579
-0.493407 2.933102
-0.492674 2.933688
-0.491941 2.934067
-0.491209 2.934881
-0.490476 2.935294
-0.489744 2.935952
-0.489011 2.936728
-0.488278 2.937395
-0.487546 2.938118
-0.486813 2.939006
-0.486081 2.939872
-0.485348 2.940784
-0.484615 2.941726
-0.483883 2.942938
-0.483150 2.943970
-0.482418 2.944951
-0.481685 2.946263
-0.480952 2.946927
-0.480220 2.948621
-0.479487 2.950080
-0.478755 2.951188
-0.478022 2.952201
-0.477289 2.953669
-0.476557 2.955303
-0.475824 2.957386
-0.475092 2.958756
-0.474359 2.960542
-0.473626 2.962214
-0.472894 2.963536
-0.472161 2.966135
-0.471429 2.967241
-0.470696 2.969247
-0.469963 2.971241
-0.469231 2.973129
-0.468498 2.975237
-0.467766 2.977227
-0.467033 2.979377
-0.466300 2.981474
-0.465568 2.983842
-0.464835 2.985967
-0.464103 2.988270
-0.463370 2.990600
-0.462637 2.993246
-0.461905 2.995416
-0.461172 2.998021
-0.460440 3.000647
-0.459707 3.002848
-0.458974 3.006218
-0.458242 3.008774
-0.457509 3.011015
-0.456777 3.014038
-0.456044 3.017219
-0.455311 3.019716
-0.454579 3.022679
-0.453846 3.025608
-0.453114 3.028408
-0.452381 3.031938
-0.451648 3.034978
-0.450916 3.037757
-0.450183 3.041163
-0.449451 3.044790
-0.448718 3.048023
-0.447985 3.051234
-0.447253 3.054722
-0.446520 3.058269
-0.445788 3.061987
-0.445055 3.065237
-0.444322 3.068983
-0.443590 3.072446
-0.442857 3.076148
-0.442125 3.079952
-0.441392 3.083732
-0.440659 3.087662
-0.439927 3.091374
-0.439194 3.095555
-0.438462 3.099805
-0.437729 3.103549
-0.436996 3.107811
-0.436264 3.112006
-0.435531 3.116287
-0.434799 3.119931
-0.434066 3.124995
-0.433333 3.128549
-0.432601 3.133163
-0.431868 3.138048
-0.431136 3.142613
-0.430403 3.147098
-0.429670 3.151255
-0.428938 3.156101
-0.428205 3.161194
-0.427473 3.165677
-0.426740 3.170506
-0.426007 3.175128
-0.425275 3.180411
-0.424542 3.184637
-0.423810 3.190249
-0.423077 3.194966
-0.422344 3.200214
-0.421612 3.205219
-0.420879 3.210599
-0.420147 3.215871
-0.419414 3.221079
-0.418681 3.226469
-0.417949 3.231845
-0.417216 3.237427
-0.416484 3.242736
-0.415751 3.248454
-0.415018 3.254363
-0.414286 3.259695
-0.413553 3.265378
-0.412821 3.271339
-0.412088 3.277018
-0.411355 3.283148
-0.410623 3.288741
-0.409890 3.294254
-0.409158 3.300793
-0.408425 3.306640
-0.407692 3.312938
-0.406960 3.319605
-0.406227 3.325107
-0.405495 3.331301
-0.404762 3.338246
-0.404029 3.344669
-0.403297 3.350910
-0.402564 3.357526
-0.401832 3.363348
-0.401099 3.370458
-0.400366 3.377046
-0.399634 3.384016
-0.398901 3.390517
-0.398168 3.397383
-0.397436 3.404265
-0.396703 3.411127
-0.395971 3.418250
-0.395238 3.425166
-0.394505 3.432263
-0.393773 3.439294
-0.393040 3.446613
-0.392308 3.453639
-0.391575 3.461333
-0.390842 3.468299
-0.390110 3.475512
-0.389377 3.482819
-0.388645 3.490413
-0.387912 3.498280
-0.387179 3.506074
-0.386447 3.513730
-0.385714 3.521043
-0.384982 3.529110
-0.384249 3.537311
-0.383516 3.544870
-0.382784 3.553028
-0.382051 3.560925
-0.381319 3.568646
-0.380586 3.576997
-0.379853 3.584996
-0.379121 3.592861
-0.378388 3.601572
-0.377656 3.610000
-0.376923 3.618329
-0.376190 3.626626
-0.375458 3.635139
-0.374725 3.643716
-0.373993 3.652433
-0.373260 3.661039
-0.372527 3.669735
-0.371795 3.678248
-0.371062 3.687487
-0.370330 3.696410
-0.369597 3.705108
-0.368864 3.714005
-0.368132 3.722911
-0.367399 3.732723
-0.366667 3.741322
-0.365934 3.751404
-0.365201 3.760065
-0.364469 3.769250
-0.363736 3.779725
-0.363004 3.788187
-0.362271 3.798147
-0.361538 3.807270
-0.360806 3.817233
-0.360073 3.826366
-0.359341 3.835935
-0.358608 3.846151
-0.357875 3.856071
-0.357143 3.865965
-0.356410 3.875999
-0.355678 3.886459
-0.354945 3.896400
-0.354212 3.906613
-0.353480 3.916921
-0.352747 3.927048
-0.352015 3.937342
-0.351282 3.947828
-0.350549 3.958267
-0.349817 3.968796
-0.349084 3.979423
-0.348352 3.990256
-0.347619 4.000808
-0.346886 4.011960
-0.346154 4.022067
-0.345421 4.033479
-0.344689 4.044169
-0.343956 4.055984
-0.343223 4.066362
-0.342491 4.077609
-0.341758 4.088586
-0.341026 4.099837
-0.340293 4.111349
-0.339560 4.123273
-0.338828 4.134720
-0.338095 4.145311
-0.337363 4.156888
-0.336630 4.168653
-0.335897 4.181119
-0.335165 4.192301
-0.334432 4.204371
-0.333700 4.216503
-0.332967 4.228633
-0.332234 4.240177
-0.331502 4.252433
-0.330769 4.264745
-0.330037 4.276911
-0.329304 4.289271
-0.328571 4.301654
-0.327839 4.314027
-0.327106 4.326597
-0.326374 4.339025
-0.325641 4.351823
-0.324908 4.364603
-0.324176 4.377286
-0.323443 4.389925
-0.322711 4.403004
-0.321978 4.415659
-0.321245 4.429366
-0.320513 4.441892
-0.319780 4.454322
-0.319048 4.468205
-0.318315 4.482120
-0.317582 4.495402
-0.316850 4.508428
-0.316117 4.522654
-0.315385 4.536200
-0.314652 4.549420
-0.313919 4.562615
-0.313187 4.577459
-0.312454 4.590587
-0.311722 4.604979
-0.310989 4.618774
-0.310256 4.633026
-0.309524 4.646997
-0.308791 4.661403
-0.308059 4.675849
-0.307326 4.690055
-0.306593 4.704529
-0.305861 4.719086
-0.305128 4.733604
-0.304396 4.748262
-0.303663 4.763167
-0.302930 4.777853
-0.302198 4.792514
-0.301465 4.807342
-0.300733 4.823195
-0.300000 4.838293
-0.299267 4.852854
-0.298535 4.868869
-0.297802 4.883249
-0.297070 4.898246
-0.296337 4.914519
-0.295604 4.930261
-0.294872 4.946144
-0.294139 4.961593
-0.293407 4.976571
-0.292674 4.993278
-0.291941 5.009388
-0.291209 5.025294
-0.290476 5.041133
-0.289744 5.057471
-0.289011 5.073954
-0.288278 5.090383
-0.287546 5.106437
-0.286813 5.123182
-0.286081 5.139624
-0.285348 5.156223
-0.284615 5.173083
-0.283883 5.189977
-0.283150 5.206794
-0.282418 5.223989
-0.281685 5.241129
-0.280952 5.257979
-0.280220 5.275237
-0.279487 5.292783
-0.278755 5.310022
-0.278022 5.327296
-0.277289 5.345236
-0.276557 5.362731
-0.275824 5.380523
-0.275092 5.398767
-0.274359 5.417399
-0.273626 5.435127
-0.272894 5.452378
-0.272161 5.471408
-0.271429 5.489262
-0.270696 5.507362
-0.269963 5.525449
-0.269231 5.544280
-0.268498 5.563304
-0.267766 5.582214
-0.267033 5.600651
-0.266300 5.619826
-0.265568 5.638184
-0.264835 5.657577
-0.264103 5.676744
-0.263370 5.696059
-0.262637 5.715467
-0.261905 5.735030
-0.261172 5.754509
-0.260440 5.774278
-0.259707 5.794090
-0.258974 5.813783
-0.258242 5.833547
-0.257509 5.853496
-0.256777 5.873444
-0.256044 5.893239
-0.255311 5.914134
-0.254579 5.934150
-0.253846 5.954921
-0.253114 5.975620
-0.252381 5.997319
-0.251648 6.017552
-0.250916 6.038307
-0.250183 6.060345
-0.249451 6.080419
-0.248718 6.101812
-0.247985 6.122532
-0.247253 6.144844
-0.246520 6.165895
-0.245788 6.188012
-0.245055 6.209860
-0.244322 6.231401
-0.243590 6.253517
-0.242857 6.275509
-0.242125 6.297593
-0.241392 6.319970
-0.240659 6.342298
-0.239927 6.364561
-0.239194 6.387311
-0.238462 6.409852
-0.237729 6.432869
-0.236996 6.455742
-0.236264 6.478313
-0.235531 6.502277
-0.234799 6.525364
-0.234066 6.548744
-0.233333 6.572645
-0.232601 6.595627
-0.231868 6.619301
-0.231136 6.643562
-0.230403 6.667151
-0.229670 6.691659
-0.228938 6.714996
-0.228205 6.739898
-0.227473 6.765379
-0.226740 6.789295
-0.226007 6.813630
-0.225275 6.838868
-0.224542 6.863505
-0.223810 6.888583
-0.223077 6.913875
-0.222344 6.938708
-0.221612 6.964371
-0.220879 6.989922
-0.220147 7.015645
-0.219414 7.041626
-0.218681 7.067666
-0.217949 7.093488
-0.217216 7.119586
-0.216484 7.146088
-0.215751 7.172306
-0.215018 7.199995
-0.214286 7.225748
-0.213553 7.252553
-0.212821 7.279735
-0.212088 7.306165
-0.211355 7.334225
-0.210623 7.360898
-0.209890 7.389638
-0.209158 7.415931
-0.208425 7.444726
-0.207692 7.472484
-0.206960 7.501639
-0.206227 7.528983
-0.205495 7.557313
-0.204762 7.586203
-0.204029 7.614409
-0.203297 7.643737
-0.202564 7.672624
-0.201832 7.701876
-0.201099 7.731180
-0.200366 7.760641
-0.199634 7.790389
-0.198901 7.820085
-0.198168 7.850027
-0.197436 7.880079
-0.196703 7.910364
-0.195971 7.940136
-0.195238 7.970884
-0.194505 8.002351
-0.193773 8.033306
-0.193040 8.063827
-0.192308 8.094637
-0.191575 8.127841
-0.190842 8.157851
-0.190110 8.189963
-0.189377 8.222638
-0.188645 8.255184
-0.187912 8.286671
-0.187179 8.318198
-0.186447 8.350840
-0.185714 8.384236
-0.184982 8.416918
-0.184249 8.449920
-0.183516 8.483492
-0.182784 8.516949
-0.182051 8.550882
-0.181319 8.584795
-0.180586 8.618869
-0.179853 8.653122
-0.179121 8.687405
-0.178388 8.722239
-0.177656 8.757330
-0.176923 8.791839
-0.176190 8.827446
-0.175458 8.862364
-0.174725 8.898911
-0.173993 8.934127
-0.173260 8.969916
-0.172527 9.007347
-0.171795 9.041678
-0.171062 9.079509
-0.170330 9.116630
-0.169597 9.153415
-0.168864 9.191527
-0.168132 9.229217
-0.167399 9.266973
-0.166667 9.305357
-0.165934 9.342607
-0.165201 9.381505
-0.164469 9.419954
-0.163736 9.458948
-0.163004 9.498179
-0.162271 9.537476
-0.161538 9.577148
-0.160806 9.617134
-0.160073 9.657143
-0.159341 9.697714
-0.158608 9.738269
-0.157875 9.778864
-0.157143 9.819542
-0.156410 9.861287
-0.155678 9.902173
-0.154945 9.944788
-0.154212 9.986917
-0.153480 10.028306
-0.152747 10.072456
-0.152015 10.115066
-0.151282 10.158624
-0.150549 10.202190
-0.149817 10.245945
-0.149084 10.289139
-0.148352 10.333626
-0.147619 10.378623
-0.146886 10.423550
-0.146154 10.468766
-0.145421 10.513714
-0.144689 10.559956
-0.143956 10.606289
-0.143223 10.652586
-0.142491 10.699949
-0.141758 10.746572
-0.141026 10.793695
-0.140293 10.841851
-0.139560 10.889762
-0.138828 10.939827
-0.138095 10.986945
-0.137363 11.036499
-0.136630 11.085134
-0.135897 11.134953
-0.135165 11.184807
-0.134432 11.235340
-0.133700 11.286257
-0.132967 11.337423
-0.132234 11.389058
-0.131502 11.441347
-0.130769 11.492727
-0.130037 11.545821
-0.129304 11.598593
-0.128571 11.652879
-0.127839 11.706094
-0.127106 11.760643
-0.126374 11.815132
-0.125641 11.871202
-0.124908 11.926011
-0.124176 11.981107
-0.123443 12.037664
-0.122711 12.094762
-0.121978 12.151958
-0.121245 12.209553
-0.120513 12.268725
-0.119780 12.327278
-0.119048 12.384975
-0.118315 12.446818
-0.117582 12.503972
-0.116850 12.566009
-0.116117 12.625865
-0.115385 12.688706
-0.114652 12.750828
-0.113919 12.812761
-0.113187 12.877580
-0.112454 12.947687
-0.111722 13.008969
-0.110989 13.088277
-0.110256 13.143973
-0.109524 13.197016
-0.108791 13.295915
-0.108059 13.409757
-0.107326 13.270918
-0.106593 13.527738
-0.105861 13.473383
-0.105128 13.610685
-0.104396 13.744004
-0.103663 13.828073
-0.102930 14.050725
-0.102198 13.681055
-0.101465 14.441868
-0.100733 13.862730
-0.100000 14.342685
-0.099267 13.812244
-0.098535 14.193884
-0.097802 14.519565
-0.097070 13.722593
-0.096337 13.227521
-0.095604 15.140372
-0.094872 13.432936
-0.094139 14.203949
-0.093407 14.337269
-0.092674 14.726892
-0.091941 16.276959
-0.091209 18.173035
-0.090476 16.541104
-0.089744 17.302725
-0.089011 14.934970
-0.088278 16.114566
-0.087546 20.678197
-0.086813 18.044551
-0.086081 20.330232
-0.085348 19.497844
-0.084615 18.876643
-0.083883 18.233516
-0.083150 18.426181
-0.082418 22.000477
-0.081685 20.764730
-0.080952 20.268566
-0.080220 20.965019
-0.079487 23.174913
-0.078755 23.202299
-0.078022 25.172764
-0.077289 28.264163
-0.076557 24.504530
-0.075824 27.122544
-0.075092 25.479299
-0.074359 26.286177
-0.073626 27.367497
-0.072894 27.646828
-0.072161 30.576553
-0.071429 27.676034
-0.070696 31.610314
-0.069963 30.741294
-0.069231 31.467416
-0.068498 31.628020
-0.067766 31.371663
-0.067033 32.624872
-0.066300 34.070207
-0.065568 35.082895
-0.064835 33.299443
-0.064103 35.053821
-0.063370 37.478817
-0.062637 37.912337
-0.061905 36.608540
-0.061172 38.374461
-0.060440 38.054798
-0.059707 38.462418
-0.058974 39.831196
-0.058242 37.920739
-0.057509 40.782036
-0.056777 36.318242
-0.056044 39.675379
-0.055311 38.718594
-0.054579 40.892863
-0.053846 42.295343
-0.053114 40.945358
-0.052381 38.676039
-0.051648 43.601656
-0.050916 39.401575
-0.050183 43.317029
-0.049451 40.783063
-0.048718 43.165618
-0.047985 44.397112
-0.047253 45.835589
-0.046520 46.563603
-0.045788 47.922141
-0.045055 45.650528
-0.044322 45.873832
-0.043590 46.006657
-0.042857 45.670408
-0.042125 47.127156
-0.041392 47.998577
-0.040659 49.668564
-0.039927 48.963958
-0.039194 47.816232
-0.038462 49.142164
-0.037729 48.595667
-0.036996 48.528849
-0.036264 46.683144
-0.035531 49.434115
-0.034799 50.893701
-0.034066 49.898891
-0.033333 51.084260
-0.032601 53.434582
-0.031868 49.952573
-0.031136 53.397740
-0.030403 52.658905
-0.029670 49.227391
-0.028938 52.823285
-0.028205 54.118189
-0.027473 54.249666
-0.026740 52.070447
-0.026007 53.670736
-0.025275 52.725470
-0.024542 52.290926
-0.023810 54.159725
-0.023077 54.643092
-0.022344 53.893853
-0.021612 56.518117
-0.020879 54.622188
-0.020147 54.817740
-0.019414 55.812986
-0.018681 55.365036
-0.017949 53.211564
-0.017216 54.296802
-0.016484 56.427122
-0.015751 52.134178
-0.015018 53.258248
-0.014286 56.360755
-0.013553 52.916073
-0.012821 54.111888
-0.012088 56.195579
-0.011355 56.754327
-0.010623 57.139221
-0.009890 54.962510
-0.009158 53.539765
-0.008425 56.698990
-0.007692 54.355162
-0.006960 57.402939
-0.006227 57.688870
-0.005495 55.430361
-0.004762 54.446845
-0.004029 56.640597
-0.003297 57.222645
-0.002564 56.920699
-0.001832 56.783774
-0.001099 56.167960
-0.000366 55.466171
0.000366 57.503257
0.001099 55.466171
0.001832 56.167960
0.002564 56.783774
0.003297 56.920699
0.004029 57.222645
0.004762 56.640597
0.005495 54.446845
0.006227 55.430361
0.006960 57.688870
0.007692 57.402939
0.008425 54.355162
0.009158 56.698990
0.009890 53.539765
0.010623 54.962510
0.011355 57.139221
0.012088 56.754327
0.012821 56.195579
0.013553 54.111888
0.014286 52.916073
0.015018 56.360755
0.015751 53.258248
0.016484 52.134178
0.017216 56.427122
0.017949 54.296802
0.018681 53.211564
0.019414 55.365036
0.020147 55.812986
0.020879 54.817740
0.021612 54.622188
0.022344 56.518117
0.023077 53.893853
0.023810 54.643092
0.024542 54.159725
0.025275 52.290926
0.026007 52.725470
0.026740 53.670736
0.027473 52.070447
0.028205 54.249666
0.028938 54.118189
0.029670 52.823285
0.030403 49.227391
0.031136 52.658905
0.031868 53.397740
0.032601 49.952573
0.033333 53.434582
0.034066 51.084260
0.034799 49.898891
0.035531 50.893701
0.036264 49.434115
0.036996 46.683144
0.037729 48.528849
0.038462 48.595667
0.039194 49.142164
0.039927 47.816232
0.040659 48.963958
0.041392 49.668564
0.042125 47.998577
0.042857 47.127156
0.043590 45.670408
0.044322 46.006657
0.045055 45.873832
0.045788 45.650528
0.046520 47.922141
0.047253 46.563603
0.047985 45.835589
0.048718 44.397112
0.049451 43.165618
0.050183 40.783063
0.050916 43.317029
0.051648 39.401575
0.052381 43.601656
0.053114 38.676039
0.053846 40.945358
0.054579 42.295343
0.055311 40.892863
0.056044 38.718594
0.056777 39.675379
0.057509 36.318242
0.058242 40.782036
0.058974 37.920739
0.059707 39.831196
0.060440 38.462418
0.061172 38.054798
0.061905 38.374461
0.062637 36.608540
0.063370 37.912337
0.064103 37.478817
0.064835 35.053821
0.065568 33.299443
0.066300 35.082895
0.067033 34.070207
0.067766 32.624872
0.068498 31.371663
0.069231 31.628020
0.069963 31.467416
0.070696 30.741294
0.071429 31.610314
0.072161 27.676034
0.072894 30.576553
0.073626 27.646828
0.074359 27.367497
0.075092 26.286177
0.075824 25.479299
0.076557 27.122544
0.077289 24.504530
0.078022 28.264163
0.078755 25.172764
0.079487 23.202299
0.080220 23.174913
0.080952 20.965019
0.081685 20.268566
0.082418 20.764730
0.083150 22.000477
0.083883 18.426181
0.084615 18.233516
0.085348 18.876643
0.086081 19.497844
0.086813 20.330232
0.087546 18.044551
0.088278 20.678197
0.089011 16.114566
0.089744 14.934970
0.090476 17.302725
0.091209 16.541104
0.091941 18.173035
0.092674 16.276959
0.093407 14.726892
0.094139 14.337269
0.094872 14.203949
0.095604 13.432936
0.096337 15.140372
0.097070 13.227521
0.097802 13.722593
0.098535 14.519565
0.099267 14.193884
0.100000 13.812244
0.100733 14.342685
0.101465 13.862730
0.102198 14.441868
0.102930 13.681055
0.103663 14.050725
0.104396 13.828073
0.105128 13.744004
0.105861 13.610685
0.106593 13.473383
0.107326 13.527738
0.108059 13.270918
0.108791 13.409757
0.109524 13.295915
0.110256 13.197016
0.110989 13.143973
0.111722 13.088277
0.112454 13.008969
0.113187 12.947687
0.113919 12.877580
0.114652 12.812761
0.115385 12.750828
0.116117 12.688706
0.116850 12.625865
0.117582 12.566009
0.118315 12.503972
0.119048 12.446818
0.119780 12.384975
0.120513 12.327278
0.121245 12.268725
0.121978 12.209553
0.122711 12.151958
0.123443 12.094762
0.124176 12.037664
0.124908 11.981107
0.125641 11.926011
0.126374 11.871202
0.127106 11.815132
0.127839 11.760643
0.128571 11.706094
0.129304 11.652879
0.130037 11.598593
0.130769 11.545821
0.131502 11.492727
0.132234 11.441347
0.132967 11.389058
0.133700 11.337423
0.134432 11.286257
0.135165 11.235340
0.135897 11.184807
0.136630 11.134953
0.137363 11.085134
0.138095 11.036499
0.138828 10.986945
0.139560 10.939827
0.140293 10.889762
0.141026 10.841851
0.141758 10.793695
0.142491 10.746572
0.143223 10.699949
0.143956 10.652586
0.144689 10.606289
0.145421 10.559956
0.146154 10.513714
0.146886 10.468766
0.147619 10.423550
0.148352 10.378623
0.149084 10.333626
0.149817 10.289139
0.150549 10.245945
0.151282 10.202190
0.152015 10.158624
0.152747 10.115066
0.153480 10.072456
0.154212 10.028306
0.154945 9.986917
0.155678 9.944788
0.156410 9.902173
0.157143 9.861287
0.157875 9.819542
0.158608 9.778864
0.159341 9.738269
0.160073 9.697714
0.160806 9.657143
0.161538 9.617134
0.162271 9.577148
0.163004 9.537476
0.163736 9.498179
0.164469 9.458948
0.165201 9.419954
0.165934 9.381505
0.166667 9.342607
0.167399 9.305357
0.168132 9.266973
0.168864 9.229217
0.169597 9.191527
0.170330 9.153415
0.171062 9.116630
0.171795 9.079509
0.172527 9.041678
0.173260 9.007347
0.173993 8.969916
0.174725 8.934127
0.175458 8.898911
0.176190 8.862364
0.176923 8.827446
0.177656 8.791839
0.178388 8.757330
0.179121 8.722239
0.179853 8.687405
0.180586 8.653122
0.181319 8.618869
0.182051 8.584795
0.182784 8.550882
0.183516 8.516949
0.184249 8.483492
0.184982 8.449920
0.185714 8.416918
0.186447 8.384236
0.187179 8.350840
0.187912 8.318198
0.188645 8.286671
0.189377 8.255184
0.190110 8.222638
0.190842 8.189963
0.191575 8.157851
0.192308 8.127841
0.193040 8.094637
0.193773 8.063827
0.194505 8.033306
0.195238 8.002351
0.195971 7.970884
0.196703 7.940136
0.197436 7.910364
0.198168 7.880079
0.198901 7.850027
0.199634 7.820085
0.200366 7.790389
0.201099 7.760641
0.201832 7.731180
0.202564 7.701876
0.203297 7.672624
0.204029 7.643737
0.204762 7.614409
0.205495 7.586203
0.206227 7.557313
0.206960 7.528983
0.207692 7.501639
0.208425 7.472484
0.209158 7.444726
0.209890 7.415931
0.210623 7.389638
0.211355 7.360898
0.212088 7.334225
0.212821 7.306165
0.213553 7.279735
0.214286 7.252553
0.215018 7.225748
0.215751 7.199995
0.216484 7.172306
0.217216 7.146088
0.217949 7.119586
0.218681 7.093488
0.219414 7.067666
0.220147 7.041626
0.220879 7.015645
0.221612 6.989922
0.222344 6.964371
0.223077 6.938708
0.223810 6.913875
0.224542 6.888583
0.225275 6.863505
0.226007 6.838868
0.226740 6.813630
0.227473 6.789295
0.228205 6.765379
0.228938 6.739898
0.229670 6.714996
0.230403 6.691659
0.231136 6.667151
0.231868 6.643562
0.232601 6.619301
0.233333 6.595627
0.234066 6.572645
0.234799 6.548744
0.235531 6.525364
0.236264 6.502277
0.236996 6.478313
0.237729 6.455742
0.238462 6.432869
0.239194 6.409852
0.239927 6.387311
0.240659 6.364561
0.241392 6.342298
0.242125 6.319970
0.242857 6.297593
0.243590 6.275509
0.244322 6.253517
0.245055 6.231401
0.245788 6.209860
0.246520 6.188012
0.247253 6.165895
0.247985 6.144844
0.248718 6.122532
0.249451 6.101812
0.250183 6.080419
0.250916 6.060345
0.251648 6.038307
0.252381 6.017552
0.253114 5.997319
0.253846 5.975620
0.254579 5.954921
0.255311 5.934150
0.256044 5.914134
0.256777 5.893239
0.257509 5.873444
0.258242 5.853496
0.258974 5.833547
0.259707 5.813783
0.260440 5.794090
0.261172 5.774278
0.261905 5.754509
0.262637 5.735030
0.263370 5.715467
0.264103 5.696059
0.264835 5.676744
0.265568 5.657577
0.266300 5.638184
0.267033 5.619826
0.267766 5.600651
0.268498 5.582214
0.269231 5.563304
0.269963 5.544280
0.270696 5.525449
0.271429 5.507362
0.272161 5.489262
0.272894 5.471408
0.273626 5.452378
0.274359 5.435127
0.275092 5.417399
0.275824 5.398767
0.276557 5.380523
0.277289 5.362731
0.278022 5.345236
0.278755 5.327296
0.279487 5.310022
0.280220 5.292783
0.280952 5.275237
0.281685 5.257979
0.282418 5.241129
0.283150 5.223989
0.283883 5.206794
0.284615 5.189977
0.285348 5.173083
0.286081 5.156223
0.286813 5.139624
0.287546 5.123182
0.288278 5.106437
0.289011 5.090383
0.289744 5.073954
0.290476 5.057471
0.291209 5.041133
0.291941 5.025294
0.292674 5.009388
0.293407 4.993278
0.294139 4.976571
0.294872 4.961593
0.295604 4.946144
0.296337 4.930261
0.297070 4.914519
0.297802 4.898246
0.298535 4.883249
0.299267 4.868869
0.300000 4.852854
0.300733 4.838293
0.301465 4.823195
0.302198 4.807342
0.302930 4.792514
0.303663 4.777853
0.304396 4.763167
0.305128 4.748262
0.305861 4.733604
0.306593 4.719086
0.307326 4.704529
0.308059 4.690055
0.308791 4.675849
0.309524 4.661403
0.310256 4.646997
0.310989 4.633026
0.311722 4.618774
0.312454 4.604979
0.313187 4.590587
0.313919 4.577459
0.314652 4.562615
0.315385 4.549420
0.316117 4.536200
0.316850 4.522654
0.317582 4.508428
0.318315 4.495402
0.319048 4.482120
0.319780 4.468205
0.320513 4.454322
0.321245 4.441892
0.321978 4.429366
0.322711 4.415659
0.323443 4.403004
0.324176 4.389925
0.324908 4.377286
0.325641 4.364603
0.326374 4.351823
0.327106 4.339025
0.327839 4.326597
0.328571 4.314027
0.329304 4.301654
0.330037 4.289271
0.330769 4.276911
0.331502 4.264745
0.332234 4.252433
0.332967 4.240177
0.333700 4.228633
0.334432 4.216503
0.335165 4.204371
0.335897 4.192301
0.336630 4.181119
0.337363 4.168653
0.338095 4.156888
0.338828 4.145311
0.339560 4.134720
0.340293 4.123273
0.341026 4.111349
0.341758 4.099837
0.342491 4.088586
0.343223 4.077609
0.343956 4.066362
0.344689 4.055984
0.345421 4.044169
0.346154 4.033479
0.346886 4.022067
0.347619 4.011960
0.348352 4.000808
0.349084 3.990256
0.349817 3.979423
0.350549 3.968796
0.351282 3.958267
0.352015 3.947828
0.352747 3.937342
0.353480 3.927048
0.354212 3.916921
0.354945 3.906613
0.355678 3.896400
0.356410 3.886459
0.357143 3.875999
0.357875 3.865965
0.358608 3.856071
0.359341 3.846151
0.360073 3.835935
0.360806 3.826366
0.361538 3.817233
0.362271 3.807270
0.363004 3.798147
0.363736 3.788187
0.364469 3.779725
0.365201 3.769250
0.365934 3.760065
0.366667 3.751404
0.367399 3.741322
0.368132 3.732723
0.368864 3.722911
0.369597 3.714005
0.370330 3.705108
0.371062 3.696410
0.371795 3.687487
0.372527 3.678248
0.373260 3.669735
0.373993 3.661039
0.374725 3.652433
0.375458 3.643716
0.376190 3.635139
0.376923 3.626626
0.377656 3.618329
0.378388 3.610000
0.379121 3.601572
0.379853 3.592861
0.380586 3.584996
0.381319 3.576997
0.382051 3.568646
0.382784 3.560925
0.383516 3.553028
0.384249 3.544870
0.384982 3.537311
0.385714 3.529110
0.386447 3.521043
0.387179 3.513730
0.387912 3.506074
0.388645 3.498280
0.389377 3.490413
0.390110 3.482819
0.390842 3.475512
0.391575 3.468299
0.392308 3.461333
0.393040 3.453639
0.393773 3.446613
0.394505 3.439294
0.395238 3.432263
0.395971 3.425166
0.396703 3.418250
0.397436 3.411127
0.398168 3.404265
0.398901 3.397383
0.399634 3.390517
0.400366 3.384016
0.401099 3.377046
0.401832 3.370458
0.402564 3.363348
0.403297 3.357526
0.404029 3.350910
0.404762 3.344669
0.405495 3.338246
0.406227 3.331301
0.406960 3.325107
0.407692 3.319605
0.408425 3.312938
0.409158 3.306640
0.409890 3.300793
0.410623 3.294254
0.411355 3.288741
0.412088 3.283148
0.412821 3.277018
0.413553 3.271339
0.414286 3.265378
0.415018 3.259695
0.415751 3.254363
0.416484 3.248454
0.417216 3.242736
0.417949 3.237427
0.418681 3.231845
0.419414 3.226469
0.420147 3.221079
0.420879 3.215871
0.421612 3.210599
0.422344 3.205219
0.423077 3.200214
0.423810 3.194966
0.424542 3.190249
0.425275 3.184637
0.426007 3.180411
0.426740 3.175128
0.427473 3.170506
0.428205 3.165677
0.428938 3.161194
0.429670 3.156101
0.430403 3.151255
0.431136 3.147098
0.431868 3.142613
0.432601 3.138048
0.433333 3.133163
0.434066 3.128549
0.434799 3.124995
0.435531 3.119931
0.436264 3.116287
0.436996 3.112006
0.437729 3.107811
0.438462 3.103549
0.439194 3.099805
0.439927 3.095555
0.440659 3.091374
0.441392 3.087662
0.442125 3.083732
0.442857 3.079952
0.443590 3.076148
0.444322 3.072446
0.445055 3.068983
0.445788 3.065237
0.446520 3.061987
0.447253 3.058269
0.447985 3.054722
0.448718 3.051234
0.449451 3.048023
0.450183 3.044790
0.450916 3.041163
0.451648 3.037757
0.452381 3.034978
0.453114 3.031938
0.453846 3.028408
0.454579 3.025608
0.455311 3.022679
0.456044 3.019716
0.456777 3.017219
0.457509 3.014038
0.458242 3.011015
0.458974 3.008774
0.459707 3.006218
0.460440 3.002848
0.461172 3.000647
0.461905 2.998021
0.462637 2.995416
0.463370 2.993246
0.464103 2.990600
0.464835 2.988270
0.465568 2.985967
0.466300 2.983842
0.467033 2.981474
0.467766 2.979377
0.468498 2.977227
0.469231 2.975237
0.469963 2.973129
0.470696 2.971241
0.471429 2.969247
0.472161 2.967241
0.472894 2.966135
0.473626 2.963536
0.474359 2.962214
0.475092 2.960542
0.475824 2.958756
0.476557 2.957386
0.477289 2.955303
0.478022 2.953669
0.478755 2.952201
0.479487 2.951188
0.480220 2.950080
0.480952 2.948621
0.481685 2.946927
0.482418 2.946263
0.483150 2.944951
0.483883 2.943970
0.484615 2.942938
0.485348 2.941726
0.486081 2.940784
0.486813 2.939872
0.487546 2.939006
0.488278 2.938118
0.489011 2.937395
0.489744 2.936728
0.490476 2.935952
0.491209 2.935294
0.491941 2.934881
0.492674 2.934067
0.493407 2.933688
0.494139 2.933102
0.494872 2.932579
0.495604 2.932376
0.496337 2.932290
0.497070 2.931812
0.497802 2.931787
0.498535 2.931508
0.499267 2.931797
0.500000 2.931660
