-0.500000 18.292427
-0.499267 18.292494
-0.498535 18.292536
-0.497802 18.292612
-0.497070 18.292582
-0.496337 18.292725
-0.495604 18.292865
-0.494872 18.293039
-0.494139 18.293137
-0.493407 18.293321
-0.492674 18.293501
-0.491941 18.293736
-0.491209 18.293945
-0.490476 18.294220
-0.489744 18.294532
-0.489011 18.294817
-0.488278 18.295149
-0.487546 18.295497
-0.486813 18.295846
-0.486081 18.296202
-0.485348 18.296609
-0.484615 18.297045
-0.483883 18.297479
-0.483150 18.297938
-0.482418 18.298404
-0.481685 18.298975
-0.480952 18.299486
-0.480220 18.300006
-0.479487 18.300644
-0.478755 18.301218
-0.478022 18.301842
-0.477289 18.302464
-0.476557 18.303142
-0.475824 18.303781
-0.475092 18.304466
-0.474359 18.305206
-0.473626 18.305930
-0.472894 18.306728
-0.472161 18.307517
-0.471429 18.308291
-0.470696 18.309128
-0.469963 18.309915
-0.469231 18.310816
-0.468498 18.311683
-0.467766 18.312599
-0.467033 18.313510
-0.466300 18.314472
-0.465568 18.315441
-0.464835 18.316420
-0.464103 18.317444
-0.463370 18.318428
-0.462637 18.319519
-0.461905 18.320561
-0.461172 18.321650
-0.460440 18.322822
-0.459707 18.323865
-0.458974 18.325105
-0.458242 18.326304
-0.457509 18.327530
-0.456777 18.328673
-0.456044 18.329960
-0.455311 18.331265
-0.454579 18.332537
-0.453846 18.333781
-0.453114 18.335216
-0.452381 18.336588
-0.451648 18.337907
-0.450916 18.339255
-0.450183 18.340672
-0.449451 18.342048
-0.448718 18.343595
-0.447985 18.345001
-0.447253 18.346535
-0.446520 18.348053
-0.445788 18.349610
-0.445055 18.351181
-0.444322 18.352750
-0.443590 18.354341
-0.442857 18.355995
-0.442125 18.357634
-0.441392 18.359304
-0.440659 18.361009
-0.439927 18.362705
-0.439194 18.364475
-0.438462 18.366205
-0.437729 18.367986
-0.436996 18.369808
-0.436264 18.371618
-0.435531 18.373504
-0.434799 18.375358
-0.434066 18.377257
-0.433333 18.379119
-0.432601 18.381146
-0.431868 18.383009
-0.431136 18.384994
-0.430403 18.387021
-0.429670 18.389064
-0.428938 18.391006
-0.428205 18.393169
-0.427473 18.395226
-0.426740 18.397368
-0.426007 18.399457
-0.425275 18.401591
-0.424542 18.403762
-0.423810 18.405982
-0.423077 18.408235
-0.422344 18.410471
-0.421612 18.412736
-0.420879 18.415023
-0.420147 18.417342
-0.419414 18.419658
-0.418681 18.422041
-0.417949 18.424396
-0.417216 18.426790
-0.416484 18.429272
-0.415751 18.431691
-0.415018 18.434159
-0.414286 18.436661
-0.413553 18.439150
-0.412821 18.441721
-0.412088 18.444252
-0.411355 18.446772
-0.410623 18.449387
-0.409890 18.452055
-0.409158 18.454723
-0.408425 18.457382
-0.407692 18.460100
-0.406960 18.462815
-0.406227 18.465555
-0.405495 18.468298
-0.404762 18.471160
-0.404029 18.473963
-0.403297 18.476862
-0.402564 18.479657
-0.401832 18.482521
-0.401099 18.485447
-0.400366 18.488407
-0.399634 18.491344
-0.398901 18.494327
-0.398168 18.497300
-0.397436 18.500351
-0.396703 18.503390
-0.395971 18.506473
-0.395238 18.509575
-0.394505 18.512698
-0.393773 18.515838
-0.393040 18.519009
-0.392308 18.522170
-0.391575 18.525423
-0.390842 18.528658
-0.390110 18.531973
-0.389377 18.535241
-0.388645 18.538509
-0.387912 18.541951
-0.387179 18.545197
-0.386447 18.548746
-0.385714 18.552115
-0.384982 18.555402
-0.384249 18.558967
-0.383516 18.562525
-0.382784 18.565976
-0.382051 18.569429
-0.381319 18.572993
-0.380586 18.576619
-0.379853 18.580200
-0.379121 18.583873
-0.378388 18.587549
-0.377656 18.591191
-0.376923 18.594944
-0.376190 18.598664
-0.375458 18.602463
-0.374725 18.606222
-0.373993 18.610041
-0.373260 18.613879
-0.372527 18.617761
-0.371795 18.621633
-0.371062 18.625541
-0.370330 18.629484
-0.369597 18.633453
-0.368864 18.637408
-0.368132 18.641400
-0.367399 18.645568
-0.366667 18.649571
-0.365934 18.653731
-0.365201 18.657815
-0.364469 18.662069
-0.363736 18.666149
-0.363004 18.670403
-0.362271 18.674628
-0.361538 18.678766
-0.360806 18.683090
-0.360073 18.687382
-0.359341 18.691788
-0.358608 18.696173
-0.357875 18.700484
-0.357143 18.705045
-0.356410 18.709397
-0.355678 18.713876
-0.354945 18.718380
-0.354212 18.722884
-0.353480 18.727452
-0.352747 18.732042
-0.352015 18.736651
-0.351282 18.741290
-0.350549 18.745964
-0.349817 18.750646
-0.349084 18.755374
-0.348352 18.760105
-0.347619 18.764906
-0.346886 18.769745
-0.346154 18.774503
-0.345421 18.779402
-0.344689 18.784178
-0.343956 18.789172
-0.343223 18.794197
-0.342491 18.799229
-0.341758 18.804058
-0.341026 18.809167
-0.340293 18.814316
-0.339560 18.819328
-0.338828 18.824433
-0.338095 18.829620
-0.337363 18.834733
-0.336630 18.840029
-0.335897 18.845321
-0.335165 18.850532
-0.334432 18.855819
-0.333700 18.861143
-0.332967 18.866498
-0.332234 18.871897
-0.331502 18.877246
-0.330769 18.882751
-0.330037 18.888256
-0.329304 18.893772
-0.328571 18.899305
-0.327839 18.904887
-0.327106 18.910494
-0.326374 18.916103
-0.325641 18.921748
-0.324908 18.927473
-0.324176 18.933236
-0.323443 18.939034
-0.322711 18.944769
-0.321978 18.950532
-0.321245 18.956476
-0.320513 18.962351
-0.319780 18.968290
-0.319048 18.974300
-0.318315 18.980158
-0.317582 18.986178
-0.316850 18.992417
-0.316117 18.998301
-0.315385 19.004535
-0.314652 19.010719
-0.313919 19.016741
-0.313187 19.022989
-0.312454 19.029350
-0.311722 19.035533
-0.310989 19.041919
-0.310256 19.048270
-0.309524 19.054618
-0.308791 19.061075
-0.308059 19.067504
-0.307326 19.074018
-0.306593 19.080520
-0.305861 19.087084
-0.305128 19.093677
-0.304396 19.100312
-0.303663 19.106979
-0.302930 19.113663
-0.302198 19.120364
-0.301465 19.127149
-0.300733 19.133886
-0.300000 19.140830
-0.299267 19.147731
-0.298535 19.154672
-0.297802 19.161477
-0.297070 19.168464
-0.296337 19.175571
-0.295604 19.182551
-0.294872 19.189630
-0.294139 19.196764
-0.293407 19.204002
-0.292674 19.211229
-0.291941 19.218443
-0.291209 19.225665
-0.290476 19.233097
-0.289744 19.240477
-0.289011 19.247834
-0.288278 19.255251
-0.287546 19.262671
-0.286813 19.270238
-0.286081 19.277736
-0.285348 19.285357
-0.284615 19.293001
-0.283883 19.300673
-0.283150 19.308378
-0.282418 19.316166
-0.281685 19.323912
-0.280952 19.331736
-0.280220 19.339637
-0.279487 19.347465
-0.278755 19.355499
-0.278022 19.363481
-0.277289 19.371629
-0.276557 19.379565
-0.275824 19.387645
-0.275092 19.395921
-0.274359 19.404144
-0.273626 19.412216
-0.272894 19.420640
-0.272161 19.429005
-0.271429 19.437339
-0.270696 19.445788
-0.269963 19.454387
-0.269231 19.462808
-0.268498 19.471318
-0.267766 19.479892
-0.267033 19.488634
-0.266300 19.497260
-0.265568 19.506002
-0.264835 19.514768
-0.264103 19.523588
-0.263370 19.532472
-0.262637 19.541391
-0.261905 19.550326
-0.261172 19.559366
-0.260440 19.568455
-0.259707 19.577507
-0.258974 19.586705
-0.258242 19.595876
-0.257509 19.605099
-0.256777 19.614437
-0.256044 19.623820
-0.255311 19.633147
-0.254579 19.642649
-0.253846 19.652079
-0.253114 19.661710
-0.252381 19.671271
-0.251648 19.680952
-0.250916 19.690493
-0.250183 19.700218
-0.249451 19.710062
-0.248718 19.719983
-0.247985 19.729801
-0.247253 19.739743
-0.246520 19.749715
-0.245788 19.759859
-0.245055 19.769968
-0.244322 19.780195
-0.243590 19.790412
-0.242857 19.800686
-0.242125 19.811003
-0.241392 19.821385
-0.240659 19.831830
-0.239927 19.842321
-0.239194 19.852901
-0.238462 19.863547
-0.237729 19.874062
-0.236996 19.884866
-0.236264 19.895668
-0.235531 19.906418
-0.234799 19.917318
-0.234066 19.928381
-0.233333 19.939406
-0.232601 19.950437
-0.231868 19.961617
-0.231136 19.972889
-0.230403 19.983881
-0.229670 19.995114
-0.228938 20.006582
-0.228205 20.018002
-0.227473 20.029555
-0.226740 20.041059
-0.226007 20.052792
-0.225275 20.064612
-0.224542 20.076337
-0.223810 20.088143
-0.223077 20.100001
-0.222344 20.111937
-0.221612 20.123940
-0.220879 20.136032
-0.220147 20.148197
-0.219414 20.160405
-0.218681 20.172707
-0.217949 20.185020
-0.217216 20.197519
-0.216484 20.210055
-0.215751 20.222640
-0.215018 20.235258
-0.214286 20.248099
-0.213553 20.260673
-0.212821 20.273871
-0.212088 20.286507
-0.211355 20.299675
-0.210623 20.312595
-0.209890 20.325758
-0.209158 20.339012
-0.208425 20.352333
-0.207692 20.365617
-0.206960 20.379103
-0.206227 20.392672
-0.205495 20.406302
-0.204762 20.419960
-0.204029 20.433820
-0.203297 20.447639
-0.202564 20.461560
-0.201832 20.475586
-0.201099 20.489606
-0.200366 20.503842
-0.199634 20.518125
-0.198901 20.532495
-0.198168 20.546969
-0.197436 20.561462
-0.196703 20.576058
-0.195971 20.590733
-0.195238 20.605513
-0.194505 20.620532
-0.193773 20.635396
-0.193040 20.650484
-0.192308 20.665586
-0.191575 20.680974
-0.190842 20.696245
-0.190110 20.711763
-0.189377 20.727128
-0.188645 20.742793
-0.187912 20.758286
-0.187179 20.774331
-0.186447 20.790200
-0.185714 20.806353
-0.184982 20.822306
-0.184249 20.838532
-0.183516 20.854929
-0.182784 20.871334
-0.182051 20.887938
-0.181319 20.904528
-0.180586 20.921285
-0.179853 20.938157
-0.179121 20.955095
-0.178388 20.972207
-0.177656 20.989384
-0.176923 21.006703
-0.176190 21.024116
-0.175458 21.041429
-0.174725 21.059252
-0.173993 21.076952
-0.173260 21.094725
-0.172527 21.112693
-0.171795 21.131031
-0.171062 21.149260
-0.170330 21.167612
-0.169597 21.185947
-0.168864 21.204652
-0.168132 21.223334
-0.167399 21.242479
-0.166667 21.261345
-0.165934 21.280315
-0.165201 21.299586
-0.164469 21.318982
-0.163736 21.338529
-0.163004 21.358224
-0.162271 21.378043
-0.161538 21.397962
-0.160806 21.417996
-0.160073 21.438293
-0.159341 21.458765
-0.158608 21.479223
-0.157875 21.500012
-0.157143 21.520869
-0.156410 21.541795
-0.155678 21.562691
-0.154945 21.584054
-0.154212 21.605502
-0.153480 21.627280
-0.152747 21.648919
-0.152015 21.670991
-0.151282 21.693059
-0.150549 21.715370
-0.149817 21.737632
-0.149084 21.760340
-0.148352 21.783156
-0.147619 21.806124
-0.146886 21.829280
-0.146154 21.852625
-0.145421 21.876160
-0.144689 21.899829
-0.143956 21.923733
-0.143223 21.947861
-0.142491 21.972225
-0.141758 21.996638
-0.141026 22.021151
-0.140293 22.046288
-0.139560 22.071404
-0.138828 22.096753
-0.138095 22.122170
-0.137363 22.148162
-0.136630 22.173667
-0.135897 22.200073
-0.135165 22.226414
-0.134432 22.252881
-0.133700 22.279875
-0.132967 22.306952
-0.132234 22.334321
-0.131502 22.361770
-0.130769 22.389694
-0.130037 22.417673
-0.129304 22.445951
-0.128571 22.474720
-0.127839 22.503548
-0.127106 22.532641
-0.126374 22.562021
-0.125641 22.591847
-0.124908 22.621725
-0.124176 22.652083
-0.123443 22.682494
-0.122711 22.713447
-0.121978 22.744547
-0.121245 22.775919
-0.120513 22.808022
-0.119780 22.839930
-0.119048 22.872063
-0.118315 22.904869
-0.117582 22.937925
-0.116850 22.971762
-0.116117 23.004752
-0.115385 23.039411
-0.114652 23.073814
-0.113919 23.108947
-0.113187 23.144418
-0.112454 23.179076
-0.111722 23.216136
-0.110989 23.244269
-0.110256 23.281642
-0.109524 23.320898
-0.108791 23.364301
-0.108059 23.400983
-0.107326 23.448088
-0.106593 23.488453
-0.105861 23.512619
-0.105128 23.534079
-0.104396 23.589327
-0.103663 23.656072
-0.102930 23.735688
-0.102198 23.625820
-0.101465 23.764224
-0.100733 23.768363
-0.100000 23.723149
-0.099267 23.903324
-0.098535 24.053168
-0.097802 23.930453
-0.097070 24.080787
-0.096337 24.210382
-0.095604 24.240867
-0.094872 24.302923
-0.094139 24.295665
-0.093407 24.233984
-0.092674 24.121576
-0.091941 23.965100
-0.091209 23.878639
-0.090476 24.399719
-0.089744 24.391568
-0.089011 23.539084
-0.088278 24.553270
-0.087546 24.983586
-0.086813 23.858229
-0.086081 25.265403
-0.085348 25.431996
-0.084615 24.562128
-0.083883 22.618205
-0.083150 24.084279
-0.082418 25.510075
-0.081685 24.163122
-0.080952 26.335436
-0.080220 28.611782
-0.079487 26.678180
-0.078755 28.897521
-0.078022 29.492867
-0.077289 29.651764
-0.076557 25.601058
-0.075824 26.961121
-0.075092 28.335168
-0.074359 32.511047
-0.073626 29.359755
-0.072894 28.752845
-0.072161 28.853414
-0.071429 29.622700
-0.070696 31.975717
-0.069963 33.369020
-0.069231 30.736748
-0.068498 31.543603
-0.067766 30.793713
-0.067033 35.276969
-0.066300 34.590539
-0.065568 36.481641
-0.064835 35.046754
-0.064103 36.038057
-0.063370 34.635905
-0.062637 35.336276
-0.061905 37.896775
-0.061172 38.487642
-0.060440 37.903776
-0.059707 39.446839
-0.058974 38.853049
-0.058242 40.644793
-0.057509 40.255909
-0.056777 40.157678
-0.056044 38.800577
-0.055311 41.468948
-0.054579 40.301115
-0.053846 38.413461
-0.053114 38.345616
-0.052381 46.337755
-0.051648 43.089052
-0.050916 44.627879
-0.050183 41.880395
-0.049451 45.989973
-0.048718 45.883116
-0.047985 45.283873
-0.047253 42.365049
-0.046520 46.627817
-0.045788 47.735925
-0.045055 43.551782
-0.044322 46.777575
-0.043590 45.555475
-0.042857 45.170391
-0.042125 46.836365
-0.041392 44.136330
-0.040659 51.302975
-0.039927 48.383751
-0.039194 45.852526
-0.038462 49.154497
-0.037729 50.708319
-0.036996 47.946439
-0.036264 49.870947
-0.035531 51.260911
-0.034799 51.297097
-0.034066 50.092132
-0.033333 50.638367
-0.032601 52.093485
-0.031868 50.842665
-0.031136 51.700221
-0.030403 51.353743
-0.029670 53.513599
-0.028938 52.535612
-0.028205 51.015224
-0.027473 52.988425
-0.026740 55.285994
-0.026007 51.555807
-0.025275 52.714711
-0.024542 53.370096
-0.023810 53.788930
-0.023077 55.007969
-0.022344 55.963339
-0.021612 52.860180
-0.020879 56.697920
-0.020147 54.703323
-0.019414 56.094337
-0.018681 52.719917
-0.017949 54.472669
-0.017216 55.755624
-0.016484 54.153595
-0.015751 54.360619
-0.015018 55.188671
-0.014286 53.925708
-0.013553 55.754751
-0.012821 53.977090
-0.012088 55.409090
-0.011355 57.119671
-0.010623 55.908961
-0.009890 55.106967
-0.009158 58.063538
-0.008425 57.679903
-0.007692 54.732119
-0.006960 57.965439
-0.006227 56.342109
-0.005495 56.565023
-0.004762 56.022255
-0.004029 58.096940
-0.003297 56.768427
-0.002564 54.025408
-0.001832 57.666273
-0.001099 55.216054
-0.000366 55.966785
0.000366 56.531799
0.001099 55.966785
0.001832 55.216054
0.002564 57.666273
0.003297 54.025408
0.004029 56.768427
0.004762 58.096940
0.005495 56.022255
0.006227 56.565023
0.006960 56.342109
0.007692 57.965439
0.008425 54.732119
0.009158 57.679903
0.009890 58.063538
0.010623 55.106967
0.011355 55.908961
0.012088 57.119671
0.012821 55.409090
0.013553 53.977090
0.014286 55.754751
0.015018 53.925708
0.015751 55.188671
0.016484 54.360619
0.017216 54.153595
0.017949 55.755624
0.018681 54.472669
0.019414 52.719917
0.020147 56.094337
0.020879 54.703323
0.021612 56.697920
0.022344 52.860180
0.023077 55.963339
0.023810 55.007969
0.024542 53.788930
0.025275 53.370096
0.026007 52.714711
0.026740 51.555807
0.027473 55.285994
0.028205 52.988425
0.028938 51.015224
0.029670 52.535612
0.030403 53.513599
0.031136 51.353743
0.031868 51.700221
0.032601 50.842665
0.033333 52.093485
0.034066 50.638367
0.034799 50.092132
0.035531 51.297097
0.036264 51.260911
0.036996 49.870947
0.037729 47.946439
0.038462 50.708319
0.039194 49.154497
0.039927 45.852526
0.040659 48.383751
0.041392 51.302975
0.042125 44.136330
0.042857 46.836365
0.043590 45.170391
0.044322 45.555475
0.045055 46.777575
0.045788 43.551782
0.046520 47.735925
0.047253 46.627817
0.047985 42.365049
0.048718 45.283873
0.049451 45.883116
0.050183 45.989973
0.050916 41.880395
0.051648 44.627879
0.052381 43.089052
0.053114 46.337755
0.053846 38.345616
0.054579 38.413461
0.055311 40.301115
0.056044 41.468948
0.056777 38.800577
0.057509 40.157678
0.058242 40.255909
0.058974 40.644793
0.059707 38.853049
0.060440 39.446839
0.061172 37.903776
0.061905 38.487642
0.062637 37.896775
0.063370 35.336276
0.064103 34.635905
0.064835 36.038057
0.065568 35.046754
0.066300 36.481641
0.067033 34.590539
0.067766 35.276969
0.068498 30.793713
0.069231 31.543603
0.069963 30.736748
0.070696 33.369020
0.071429 31.975717
0.072161 29.622700
0.072894 28.853414
0.073626 28.752845
0.074359 29.359755
0.075092 32.511047
0.075824 28.335168
0.076557 26.961121
0.077289 25.601058
0.078022 29.651764
0.078755 29.492867
0.079487 28.897521
0.080220 26.678180
0.080952 28.611782
0.081685 26.335436
0.082418 24.163122
0.083150 25.510075
0.083883 24.084279
0.084615 22.618205
0.085348 24.562128
0.086081 25.431996
0.086813 25.265403
0.087546 23.858229
0.088278 24.983586
0.089011 24.553270
0.089744 23.539084
0.090476 24.391568
0.091209 24.399719
0.091941 23.878639
0.092674 23.965100
0.093407 24.121576
0.094139 24.233984
0.094872 24.295665
0.095604 24.302923
0.096337 24.240867
0.097070 24.210382
0.097802 24.080787
0.098535 23.930453
0.099267 24.053168
0.100000 23.903324
0.100733 23.723149
0.101465 23.768363
0.102198 23.764224
0.102930 23.625820
0.103663 23.735688
0.104396 23.656072
0.105128 23.589327
0.105861 23.534079
0.106593 23.512619
0.107326 23.488453
0.108059 23.448088
0.108791 23.400983
0.109524 23.364301
0.110256 23.320898
0.110989 23.281642
0.111722 23.244269
0.112454 23.216136
0.113187 23.179076
0.113919 23.144418
0.114652 23.108947
0.115385 23.073814
0.116117 23.039411
0.116850 23.004752
0.117582 22.971762
0.118315 22.937925
0.119048 22.904869
0.119780 22.872063
0.120513 22.839930
0.121245 22.808022
0.121978 22.775919
0.122711 22.744547
0.123443 22.713447
0.124176 22.682494
0.124908 22.652083
0.125641 22.621725
0.126374 22.591847
0.127106 22.562021
0.127839 22.532641
0.128571 22.503548
0.129304 22.474720
0.130037 22.445951
0.130769 22.417673
0.131502 22.389694
0.132234 22.361770
0.132967 22.334321
0.133700 22.306952
0.134432 22.279875
0.135165 22.252881
0.135897 22.226414
0.136630 22.200073
0.137363 22.173667
0.138095 22.148162
0.138828 22.122170
0.139560 22.096753
0.140293 22.071404
0.141026 22.046288
0.141758 22.021151
0.142491 21.996638
0.143223 21.972225
0.143956 21.947861
0.144689 21.923733
0.145421 21.899829
0.146154 21.876160
0.146886 21.852625
0.147619 21.829280
0.148352 21.806124
0.149084 21.783156
0.149817 21.760340
0.150549 21.737632
0.151282 21.715370
0.152015 21.693059
0.152747 21.670991
0.153480 21.648919
0.154212 21.627280
0.154945 21.605502
0.155678 21.584054
0.156410 21.562691
0.157143 21.541795
0.157875 21.520869
0.158608 21.500012
0.159341 21.479223
0.160073 21.458765
0.160806 21.438293
0.161538 21.417996
0.162271 21.397962
0.163004 21.378043
0.163736 21.358224
0.164469 21.338529
0.165201 21.318982
0.165934 21.299586
0.166667 21.280315
0.167399 21.261345
0.168132 21.242479
0.168864 21.223334
0.169597 21.204652
0.170330 21.185947
0.171062 21.167612
0.171795 21.149260
0.172527 21.131031
0.173260 21.112693
0.173993 21.094725
0.174725 21.076952
0.175458 21.059252
0.176190 21.041429
0.176923 21.024116
0.177656 21.006703
0.178388 20.989384
0.179121 20.972207
0.179853 20.955095
0.180586 20.938157
0.181319 20.921285
0.182051 20.904528
0.182784 20.887938
0.183516 20.871334
0.184249 20.854929
0.184982 20.838532
0.185714 20.822306
0.186447 20.806353
0.187179 20.790200
0.187912 20.774331
0.188645 20.758286
0.189377 20.742793
0.190110 20.727128
0.190842 20.711763
0.191575 20.696245
0.192308 20.680974
0.193040 20.665586
0.193773 20.650484
0.194505 20.635396
0.195238 20.620532
0.195971 20.605513
0.196703 20.590733
0.197436 20.576058
0.198168 20.561462
0.198901 20.546969
0.199634 20.532495
0.200366 20.518125
0.201099 20.503842
0.201832 20.489606
0.202564 20.475586
0.203297 20.461560
0.204029 20.447639
0.204762 20.433820
0.205495 20.419960
0.206227 20.406302
0.206960 20.392672
0.207692 20.379103
0.208425 20.365617
0.209158 20.352333
0.209890 20.339012
0.210623 20.325758
0.211355 20.312595
0.212088 20.299675
0.212821 20.286507
0.213553 20.273871
0.214286 20.260673
0.215018 20.248099
0.215751 20.235258
0.216484 20.222640
0.217216 20.210055
0.217949 20.197519
0.218681 20.185020
0.219414 20.172707
0.220147 20.160405
0.220879 20.148197
0.221612 20.136032
0.222344 20.123940
0.223077 20.111937
0.223810 20.100001
0.224542 20.088143
0.225275 20.076337
0.226007 20.064612
0.226740 20.052792
0.227473 20.041059
0.228205 20.029555
0.228938 20.018002
0.229670 20.006582
0.230403 19.995114
0.231136 19.983881
0.231868 19.972889
0.232601 19.961617
0.233333 19.950437
0.234066 19.939406
0.234799 19.928381
0.235531 19.917318
0.236264 19.906418
0.236996 19.895668
0.237729 19.884866
0.238462 19.874062
0.239194 19.863547
0.239927 19.852901
0.240659 19.842321
0.241392 19.831830
0.242125 19.821385
0.242857 19.811003
0.243590 19.800686
0.244322 19.790412
0.245055 19.780195
0.245788 19.769968
0.246520 19.759859
0.247253 19.749715
0.247985 19.739743
0.248718 19.729801
0.249451 19.719983
0.250183 19.710062
0.250916 19.700218
0.251648 19.690493
0.252381 19.680952
0.253114 19.671271
0.253846 19.661710
0.254579 19.652079
0.255311 19.642649
0.256044 19.633147
0.256777 19.623820
0.257509 19.614437
0.258242 19.605099
0.258974 19.595876
0.259707 19.586705
0.260440 19.577507
0.261172 19.568455
0.261905 19.559366
0.262637 19.550326
0.263370 19.541391
0.264103 19.532472
0.264835 19.523588
0.265568 19.514768
0.266300 19.506002
0.267033 19.497260
0.267766 19.488634
0.268498 19.479892
0.269231 19.471318
0.269963 19.462808
0.270696 19.454387
0.271429 19.445788
0.272161 19.437339
0.272894 19.429005
0.273626 19.420640
0.274359 19.412216
0.275092 19.404144
0.275824 19.395921
0.276557 19.387645
0.277289 19.379565
0.278022 19.371629
0.278755 19.363481
0.279487 19.355499
0.280220 19.347465
0.280952 19.339637
0.281685 19.331736
0.282418 19.323912
0.283150 19.316166
0.283883 19.308378
0.284615 19.300673
0.285348 19.293001
0.286081 19.285357
0.286813 19.277736
0.287546 19.270238
0.288278 19.262671
0.289011 19.255251
0.289744 19.247834
0.290476 19.240477
0.291209 19.233097
0.291941 19.225665
0.292674 19.218443
0.293407 19.211229
0.294139 19.204002
0.294872 19.196764
0.295604 19.189630
0.296337 19.182551
0.297070 19.175571
0.297802 19.168464
0.298535 19.161477
0.299267 19.154672
0.300000 19.147731
0.300733 19.140830
0.301465 19.133886
0.302198 19.127149
0.302930 19.120364
0.303663 19.113663
0.304396 19.106979
0.305128 19.100312
0.305861 19.093677
0.306593 19.087084
0.307326 19.080520
0.308059 19.074018
0.308791 19.067504
0.309524 19.061075
0.310256 19.054618
0.310989 19.048270
0.311722 19.041919
0.312454 19.035533
0.313187 19.029350
0.313919 19.022989
0.314652 19.016741
0.315385 19.010719
0.316117 19.004535
0.316850 18.998301
0.317582 18.992417
0.318315 18.986178
0.319048 18.980158
0.319780 18.974300
0.320513 18.968290
0.321245 18.962351
0.321978 18.956476
0.322711 18.950532
0.323443 18.944769
0.324176 18.939034
0.324908 18.933236
0.325641 18.927473
0.326374 18.921748
0.327106 18.916103
0.327839 18.910494
0.328571 18.904887
0.329304 18.899305
0.330037 18.893772
0.330769 18.888256
0.331502 18.882751
0.332234 18.877246
0.332967 18.871897
0.333700 18.866498
0.334432 18.861143
0.335165 18.855819
0.335897 18.850532
0.336630 18.845321
0.337363 18.840029
0.338095 18.834733
0.338828 18.829620
0.339560 18.824433
0.340293 18.819328
0.341026 18.814316
0.341758 18.809167
0.342491 18.804058
0.343223 18.799229
0.343956 18.794197
0.344689 18.789172
0.345421 18.784178
0.346154 18.779402
0.346886 18.774503
0.347619 18.769745
0.348352 18.764906
0.349084 18.760105
0.349817 18.755374
0.350549 18.750646
0.351282 18.745964
0.352015 18.741290
0.352747 18.736651
0.353480 18.732042
0.354212 18.727452
0.354945 18.722884
0.355678 18.718380
0.356410 18.713876
0.357143 18.709397
0.357875 18.705045
0.358608 18.700484
0.359341 18.696173
0.360073 18.691788
0.360806 18.687382
0.361538 18.683090
0.362271 18.678766
0.363004 18.674628
0.363736 18.670403
0.364469 18.666149
0.365201 18.662069
0.365934 18.657815
0.366667 18.653731
0.367399 18.649571
0.368132 18.645568
0.368864 18.641400
0.369597 18.637408
0.370330 18.633453
0.371062 18.629484
0.371795 18.625541
0.372527 18.621633
0.373260 18.617761
0.373993 18.613879
0.374725 18.610041
0.375458 18.606222
0.376190 18.602463
0.376923 18.598664
0.377656 18.594944
0.378388 18.591191
0.379121 18.587549
0.379853 18.583873
0.380586 18.580200
0.381319 18.576619
0.382051 18.572993
0.382784 18.569429
0.383516 18.565976
0.384249 18.562525
0.384982 18.558967
0.385714 18.555402
0.386447 18.552115
0.387179 18.548746
0.387912 18.545197
0.388645 18.541951
0.389377 18.538509
0.390110 18.535241
0.390842 18.531973
0.391575 18.528658
0.392308 18.525423
0.393040 18.522170
0.393773 18.519009
0.394505 18.515838
0.395238 18.512698
0.395971 18.509575
0.396703 18.506473
0.397436 18.503390
0.398168 18.500351
0.398901 18.497300
0.399634 18.494327
0.400366 18.491344
0.401099 18.488407
0.401832 18.485447
0.402564 18.482521
0.403297 18.479657
0.404029 18.476862
0.404762 18.473963
0.405495 18.471160
0.406227 18.468298
0.406960 18.465555
0.407692 18.462815
0.408425 18.460100
0.409158 18.457382
0.409890 18.454723
0.410623 18.452055
0.411355 18.449387
0.412088 18.446772
0.412821 18.444252
0.413553 18.441721
0.414286 18.439150
0.415018 18.436661
0.415751 18.434159
0.416484 18.431691
0.417216 18.429272
0.417949 18.426790
0.418681 18.424396
0.419414 18.422041
0.420147 18.419658
0.420879 18.417342
0.421612 18.415023
0.422344 18.412736
0.423077 18.410471
0.423810 18.408235
0.424542 18.405982
0.425275 18.403762
0.426007 18.401591
0.426740 18.399457
0.427473 18.397368
0.428205 18.395226
0.428938 18.393169
0.429670 18.391006
0.430403 18.389064
0.431136 18.387021
0.431868 18.384994
0.432601 18.383009
0.433333 18.381146
0.434066 18.379119
0.434799 18.377257
0.435531 18.375358
0.436264 18.373504
0.436996 18.371618
0.437729 18.369808
0.438462 18.367986
0.439194 18.366205
0.439927 18.364475
0.440659 18.362705
0.441392 18.361009
0.442125 18.359304
0.442857 18.357634
0.443590 18.355995
0.444322 18.354341
0.445055 18.352750
0.445788 18.351181
0.446520 18.349610
0.447253 18.348053
0.447985 18.346535
0.448718 18.345001
0.449451 18.343595
0.450183 18.342048
0.450916 18.340672
0.451648 18.339255
0.452381 18.337907
0.453114 18.336588
0.453846 18.335216
0.454579 18.333781
0.455311 18.332537
0.456044 18.331265
0.456777 18.329960
0.457509 18.328673
0.458242 18.327530
0.458974 18.326304
0.459707 18.325105
0.460440 18.323865
0.461172 18.322822
0.461905 18.321650
0.462637 18.320561
0.463370 18.319519
0.464103 18.318428
0.464835 18.317444
0.465568 18.316420
0.466300 18.315441
0.467033 18.314472
0.467766 18.313510
0.468498 18.312599
0.469231 18.311683
0.469963 18.310816
0.470696 18.309915
0.471429 18.309128
0.472161 18.308291
0.472894 18.307517
0.473626 18.306728
0.474359 18.305930
0.475092 18.305206
0.475824 18.304466
0.476557 18.303781
0.477289 18.303142
0.478022 18.302464
0.478755 18.301842
0.479487 18.301218
0.480220 18.300644
0.480952 18.300006
0.481685 18.299486
0.482418 18.298975
0.483150 18.298404
0.483883 18.297938
0.484615 18.297479
0.485348 18.297045
0.486081 18.296609
0.486813 18.296202
0.487546 18.295846
0.488278 18.295497
0.489011 18.295149
0.489744 18.294817
0.490476 18.294532
0.491209 18.294220
0.491941 18.293945
0.492674 18.293736
0.493407 18.293501
0.494139 18.293321
0.494872 18.293137
0.495604 18.293039
0.496337 18.292865
0.497070 18.292725
0.497802 18.292582
0.498535 18.292612
0.499267 18.292536
0.500000 18.292494
