-0.500000 5.247774
-0.499756 5.247777
-0.499512 5.247790
-0.499267 5.247789
-0.499023 5.247804
-0.498779 5.247821
-0.498535 5.247888
-0.498291 5.247865
-0.498046 5.247941
-0.497802 5.248016
-0.497558 5.248088
-0.497314 5.247992
-0.497070 5.248355
-0.496825 5.248110
-0.496581 5.248209
-0.496337 5.248285
-0.496093 5.248417
-0.495849 5.248511
-0.495604 5.248635
-0.495360 5.248709
-0.495116 5.248710
-0.494872 5.249017
-0.494628 5.249045
-0.494383 5.249195
-0.494139 5.249233
-0.493895 5.249405
-0.493651 5.249547
-0.493407 5.249640
-0.493162 5.249797
-0.492918 5.249974
-0.492674 5.250113
-0.492430 5.250274
-0.492186 5.250441
-0.491941 5.250612
-0.491697 5.250778
-0.491453 5.250953
-0.491209 5.251104
-0.490965 5.251409
-0.490720 5.251526
-0.490476 5.251772
-0.490232 5.251982
-0.489988 5.252145
-0.489744 5.252322
-0.489499 5.252579
-0.489255 5.252797
-0.489011 5.252972
-0.488767 5.253332
-0.488523 5.253571
-0.488278 5.253806
-0.488034 5.254036
-0.487790 5.254300
-0.487546 5.254463
-0.487302 5.254859
-0.487057 5.255173
-0.486813 5.255426
-0.486569 5.255669
-0.486325 5.255885
-0.486081 5.256212
-0.485836 5.256511
-0.485592 5.256804
-0.485348 5.257130
-0.485104 5.257460
-0.484860 5.257770
-0.484615 5.258093
-0.484371 5.258436
-0.484127 5.258762
-0.483883 5.259074
-0.483639 5.259415
-0.483394 5.259759
-0.483150 5.260134
-0.482906 5.260503
-0.482662 5.260885
-0.482418 5.261359
-0.482173 5.261530
-0.481929 5.262060
-0.481685 5.262420
-0.481441 5.262815
-0.481197 5.263167
-0.480952 5.263625
-0.480708 5.263934
-0.480464 5.264461
-0.480220 5.265032
-0.479976 5.265403
-0.479731 5.265777
-0.479487 5.266190
-0.479243 5.266616
-0.478999 5.266987
-0.478755 5.267498
-0.478510 5.267898
-0.478266 5.268449
-0.478022 5.268885
-0.477778 5.269334
-0.477534 5.269840
-0.477289 5.270300
-0.477045 5.270786
-0.476801 5.271264
-0.476557 5.271771
-0.476313 5.272275
-0.476068 5.272797
-0.475824 5.273273
-0.475580 5.273864
-0.475336 5.274346
-0.475092 5.275014
-0.474847 5.275320
-0.474603 5.275927
-0.474359 5.276626
-0.474115 5.277011
-0.473871 5.277605
-0.473626 5.278244
-0.473382 5.278665
-0.473138 5.279287
-0.472894 5.279864
-0.472650 5.280323
-0.472405 5.281059
-0.472161 5.281596
-0.471917 5.282163
-0.471673 5.282814
-0.471429 5.283412
-0.471184 5.284049
-0.470940 5.284600
-0.470696 5.285301
-0.470452 5.285912
-0.470208 5.286550
-0.469963 5.287195
-0.469719 5.287828
-0.469475 5.288491
-0.469231 5.289126
-0.468987 5.289807
-0.468742 5.290419
-0.468498 5.291153
-0.468254 5.291821
-0.468010 5.292492
-0.467766 5.293205
-0.467521 5.293808
-0.467277 5.294601
-0.467033 5.295302
-0.466789 5.295945
-0.466545 5.296799
-0.466300 5.297384
-0.466056 5.298121
-0.465812 5.298799
-0.465568 5.299609
-0.465324 5.300379
-0.465079 5.301125
-0.464835 5.301873
-0.464591 5.302491
-0.464347 5.303336
-0.464103 5.304123
-0.463858 5.304893
-0.463614 5.305776
-0.463370 5.306458
-0.463126 5.307222
-0.462882 5.308031
-0.462637 5.308818
-0.462393 5.309614
-0.462149 5.310455
-0.461905 5.311260
-0.461661 5.312085
-0.461416 5.312922
-0.461172 5.313710
-0.460928 5.314524
-0.460684 5.315348
-0.460440 5.316211
-0.460195 5.317052
-0.459951 5.317860
-0.459707 5.318725
-0.459463 5.319674
-0.459219 5.320453
-0.458974 5.321470
-0.458730 5.322221
-0.458486 5.323336
-0.458242 5.324109
-0.457998 5.325014
-0.457753 5.325910
-0.457509 5.326768
-0.457265 5.327692
-0.457021 5.328621
-0.456777 5.329479
-0.456532 5.330425
-0.456288 5.331357
-0.456044 5.332309
-0.455800 5.333272
-0.455556 5.334294
-0.455311 5.335161
-0.455067 5.336122
-0.454823 5.337115
-0.454579 5.338083
-0.454335 5.339059
-0.454090 5.340036
-0.453846 5.341029
-0.453602 5.342026
-0.453358 5.342989
-0.453114 5.344002
-0.452869 5.345045
-0.452625 5.346111
-0.452381 5.347092
-0.452137 5.348120
-0.451893 5.349084
-0.451648 5.350195
-0.451404 5.351096
-0.451160 5.352233
-0.450916 5.353279
-0.450672 5.354375
-0.450427 5.355436
-0.450183 5.356409
-0.449939 5.357537
-0.449695 5.358600
-0.449451 5.359680
-0.449206 5.360848
-0.448962 5.362024
-0.448718 5.362951
-0.448474 5.364050
-0.448230 5.365293
-0.447985 5.366338
-0.447741 5.367446
-0.447497 5.368632
-0.447253 5.369740
-0.447009 5.370874
-0.446764 5.372017
-0.446520 5.373168
-0.446276 5.374291
-0.446032 5.375453
-0.445788 5.376597
-0.445543 5.377865
-0.445299 5.379006
-0.445055 5.380161
-0.444811 5.381376
-0.444567 5.382522
-0.444322 5.383692
-0.444078 5.384803
-0.443834 5.386307
-0.443590 5.387321
-0.443346 5.388591
-0.443101 5.389839
-0.442857 5.390910
-0.442613 5.392249
-0.442369 5.393472
-0.442125 5.394660
-0.441880 5.395867
-0.441636 5.397170
-0.441392 5.398439
-0.441148 5.399860
-0.440904 5.401235
-0.440659 5.402327
-0.440415 5.403727
-0.440171 5.404933
-0.439927 5.406172
-0.439683 5.407554
-0.439438 5.408804
-0.439194 5.410118
-0.438950 5.411444
-0.438706 5.412766
-0.438462 5.414104
-0.438217 5.415371
-0.437973 5.416794
-0.437729 5.418105
-0.437485 5.419430
-0.437241 5.420789
-0.436996 5.422121
-0.436752 5.423430
-0.436508 5.424874
-0.436264 5.426381
-0.436020 5.427664
-0.435775 5.429162
-0.435531 5.430443
-0.435287 5.431879
-0.435043 5.433140
-0.434799 5.434550
-0.434554 5.435953
-0.434310 5.437532
-0.434066 5.438820
-0.433822 5.440371
-0.433578 5.441591
-0.433333 5.443247
-0.433089 5.444578
-0.432845 5.446085
-0.432601 5.447500
-0.432357 5.448970
-0.432112 5.450428
-0.431868 5.451894
-0.431624 5.453377
-0.431380 5.454869
-0.431136 5.456359
-0.430891 5.457843
-0.430647 5.459334
-0.430403 5.460908
-0.430159 5.462317
-0.429915 5.463900
-0.429670 5.465488
-0.429426 5.466940
-0.429182 5.468554
-0.428938 5.469975
-0.428694 5.471440
-0.428449 5.473094
-0.428205 5.474602
-0.427961 5.476296
-0.427717 5.477797
-0.427473 5.479246
-0.427228 5.481090
-0.426984 5.482463
-0.426740 5.484026
-0.426496 5.485789
-0.426252 5.487277
-0.426007 5.489126
-0.425763 5.490558
-0.425519 5.492118
-0.425275 5.493765
-0.425031 5.495425
-0.424786 5.496980
-0.424542 5.498621
-0.424298 5.500305
-0.424054 5.501941
-0.423810 5.503618
-0.423565 5.505267
-0.423321 5.506925
-0.423077 5.508609
-0.422833 5.510242
-0.422589 5.511974
-0.422344 5.513627
-0.422100 5.515407
-0.421856 5.516989
-0.421612 5.518822
-0.421368 5.520423
-0.421123 5.522179
-0.420879 5.523966
-0.420635 5.525481
-0.420391 5.527401
-0.420147 5.528915
-0.419902 5.530862
-0.419658 5.532680
-0.419414 5.534449
-0.419170 5.536220
-0.418926 5.537730
-0.418681 5.539635
-0.418437 5.541431
-0.418193 5.543320
-0.417949 5.544865
-0.417705 5.546733
-0.417460 5.548579
-0.417216 5.550393
-0.416972 5.552154
-0.416728 5.554033
-0.416484 5.555828
-0.416239 5.557644
-0.415995 5.559479
-0.415751 5.561320
-0.415507 5.563160
-0.415263 5.564995
-0.415018 5.566841
-0.414774 5.568766
-0.414530 5.570625
-0.414286 5.572497
-0.414042 5.574390
-0.413797 5.576244
-0.413553 5.578081
-0.413309 5.579990
-0.413065 5.581914
-0.412821 5.583690
-0.412576 5.585722
-0.412332 5.587474
-0.412088 5.589555
-0.411844 5.591494
-0.411600 5.593242
-0.411355 5.595343
-0.411111 5.597046
-0.410867 5.599263
-0.410623 5.601067
-0.410379 5.603274
-0.410134 5.605156
-0.409890 5.607062
-0.409646 5.609129
-0.409402 5.610964
-0.409158 5.613069
-0.408913 5.615056
-0.408669 5.617053
-0.408425 5.619068
-0.408181 5.621079
-0.407937 5.623108
-0.407692 5.625101
-0.407448 5.627143
-0.407204 5.629197
-0.406960 5.631249
-0.406716 5.633348
-0.406471 5.635238
-0.406227 5.637358
-0.405983 5.639414
-0.405739 5.641579
-0.405495 5.643585
-0.405250 5.645717
-0.405006 5.647764
-0.404762 5.649865
-0.404518 5.651977
-0.404274 5.654044
-0.404029 5.656170
-0.403785 5.658345
-0.403541 5.660703
-0.403297 5.662448
-0.403053 5.664678
-0.402808 5.666772
-0.402564 5.668964
-0.402320 5.670942
-0.402076 5.673206
-0.401832 5.675427
-0.401587 5.677540
-0.401343 5.679775
-0.401099 5.681912
-0.400855 5.684105
-0.400611 5.686292
-0.400366 5.688486
-0.400122 5.690706
-0.399878 5.692856
-0.399634 5.695077
-0.399389 5.697355
-0.399145 5.699537
-0.398901 5.701855
-0.398657 5.703961
-0.398413 5.706351
-0.398168 5.708499
-0.397924 5.710963
-0.397680 5.713005
-0.397436 5.715235
-0.397192 5.717456
-0.396947 5.719699
-0.396703 5.722139
-0.396459 5.724292
-0.396215 5.726708
-0.395971 5.728827
-0.395726 5.731224
-0.395482 5.733760
-0.395238 5.736069
-0.394994 5.738214
-0.394750 5.740602
-0.394505 5.742945
-0.394261 5.745209
-0.394017 5.747585
-0.393773 5.749925
-0.393529 5.752289
-0.393284 5.754690
-0.393040 5.757036
-0.392796 5.759421
-0.392552 5.761800
-0.392308 5.764139
-0.392063 5.766588
-0.391819 5.768929
-0.391575 5.771517
-0.391331 5.773773
-0.391087 5.776084
-0.390842 5.778517
-0.390598 5.781190
-0.390354 5.783449
-0.390110 5.786144
-0.389866 5.788521
-0.389621 5.790980
-0.389377 5.793334
-0.389133 5.795771
-0.388889 5.798330
-0.388645 5.800829
-0.388400 5.803161
-0.388156 5.805959
-0.387912 5.808134
-0.387668 5.810687
-0.387424 5.813118
-0.387179 5.815805
-0.386935 5.818153
-0.386691 5.820866
-0.386447 5.823281
-0.386203 5.825831
-0.385958 5.828357
-0.385714 5.830927
-0.385470 5.833471
-0.385226 5.836046
-0.384982 5.838616
-0.384737 5.841242
-0.384493 5.843768
-0.384249 5.846323
-0.384005 5.848959
-0.383761 5.851522
-0.383516 5.854074
-0.383272 5.856741
-0.383028 5.859322
-0.382784 5.861943
-0.382540 5.864553
-0.382295 5.867334
-0.382051 5.869945
-0.381807 5.872684
-0.381563 5.875147
-0.381319 5.877890
-0.381074 5.880360
-0.380830 5.883228
-0.380586 5.885886
-0.380342 5.888350
-0.380098 5.891206
-0.379853 5.893955
-0.379609 5.896536
-0.379365 5.899244
-0.379121 5.901958
-0.378877 5.904631
-0.378632 5.907444
-0.378388 5.910165
-0.378144 5.912857
-0.377900 5.915648
-0.377656 5.918403
-0.377411 5.921159
-0.377167 5.923904
-0.376923 5.926675
-0.376679 5.929473
-0.376435 5.932274
-0.376190 5.935094
-0.375946 5.937787
-0.375702 5.940705
-0.375458 5.943371
-0.375214 5.946295
-0.374969 5.949204
-0.374725 5.951722
-0.374481 5.954846
-0.374237 5.957643
-0.373993 5.960332
-0.373748 5.963340
-0.373504 5.966102
-0.373260 5.968882
-0.373016 5.971808
-0.372772 5.974427
-0.372527 5.977514
-0.372283 5.980369
-0.372039 5.983237
-0.371795 5.986090
-0.371551 5.988943
-0.371306 5.991982
-0.371062 5.994841
-0.370818 5.997817
-0.370574 6.000724
-0.370330 6.003647
-0.370085 6.006592
-0.369841 6.009546
-0.369597 6.012504
-0.369353 6.015474
-0.369109 6.018407
-0.368864 6.021346
-0.368620 6.024330
-0.368376 6.027371
-0.368132 6.030390
-0.367888 6.033170
-0.367643 6.036378
-0.367399 6.039260
-0.367155 6.042282
-0.366911 6.045488
-0.366667 6.048315
-0.366422 6.051430
-0.366178 6.054483
-0.365934 6.057435
-0.365690 6.060545
-0.365446 6.063507
-0.365201 6.066625
-0.364957 6.069677
-0.364713 6.072918
-0.364469 6.076025
-0.364225 6.079136
-0.363980 6.082199
-0.363736 6.085102
-0.363492 6.088317
-0.363248 6.091457
-0.363004 6.094578
-0.362759 6.097712
-0.362515 6.100843
-0.362271 6.103957
-0.362027 6.107109
-0.361783 6.110249
-0.361538 6.113420
-0.361294 6.116564
-0.361050 6.119830
-0.360806 6.122914
-0.360562 6.126233
-0.360317 6.129273
-0.360073 6.132631
-0.359829 6.135609
-0.359585 6.138967
-0.359341 6.142065
-0.359096 6.145195
-0.358852 6.148491
-0.358608 6.151985
-0.358364 6.155058
-0.358120 6.158120
-0.357875 6.161763
-0.357631 6.165039
-0.357387 6.168251
-0.357143 6.171345
-0.356899 6.174714
-0.356654 6.177794
-0.356410 6.181227
-0.356166 6.184613
-0.355922 6.187847
-0.355678 6.191286
-0.355433 6.194413
-0.355189 6.197836
-0.354945 6.201161
-0.354701 6.204480
-0.354457 6.207835
-0.354212 6.211179
-0.353968 6.214524
-0.353724 6.217906
-0.353480 6.221281
-0.353236 6.224661
-0.352991 6.228152
-0.352747 6.231475
-0.352503 6.234870
-0.352259 6.238188
-0.352015 6.241661
-0.351770 6.244987
-0.351526 6.248440
-0.351282 6.252008
-0.351038 6.255353
-0.350794 6.258831
-0.350549 6.262157
-0.350305 6.265621
-0.350061 6.269194
-0.349817 6.272576
-0.349573 6.276179
-0.349328 6.279690
-0.349084 6.283166
-0.348840 6.286603
-0.348596 6.290293
-0.348352 6.293590
-0.348107 6.297265
-0.347863 6.300649
-0.347619 6.304221
-0.347375 6.307854
-0.347131 6.311363
-0.346886 6.314898
-0.346642 6.318468
-0.346398 6.322019
-0.346154 6.325607
-0.345910 6.329167
-0.345665 6.332769
-0.345421 6.336173
-0.345177 6.339954
-0.344933 6.343503
-0.344689 6.347191
-0.344444 6.350868
-0.344200 6.354507
-0.343956 6.357912
-0.343712 6.361650
-0.343468 6.365452
-0.343223 6.368955
-0.342979 6.372557
-0.342735 6.376211
-0.342491 6.379862
-0.342247 6.383744
-0.342002 6.387405
-0.341758 6.390998
-0.341514 6.394604
-0.341270 6.398458
-0.341026 6.402250
-0.340781 6.405821
-0.340537 6.409441
-0.340293 6.413271
-0.340049 6.417063
-0.339805 6.420817
-0.339560 6.424597
-0.339316 6.428328
-0.339072 6.432106
-0.338828 6.435844
-0.338584 6.439674
-0.338339 6.443420
-0.338095 6.447313
-0.337851 6.451038
-0.337607 6.454876
-0.337363 6.458698
-0.337118 6.462550
-0.336874 6.466476
-0.336630 6.469962
-0.336386 6.474157
-0.336142 6.477998
-0.335897 6.481551
-0.335653 6.485658
-0.335409 6.489424
-0.335165 6.493458
-0.334921 6.497422
-0.334676 6.501151
-0.334432 6.505395
-0.334188 6.508897
-0.333944 6.512766
-0.333700 6.516746
-0.333455 6.520732
-0.333211 6.524559
-0.332967 6.528734
-0.332723 6.532578
-0.332479 6.536489
-0.332234 6.540489
-0.331990 6.544436
-0.331746 6.548391
-0.331502 6.552394
-0.331258 6.556400
-0.331013 6.560369
-0.330769 6.564366
-0.330525 6.568421
-0.330281 6.572373
-0.330037 6.576407
-0.329792 6.580427
-0.329548 6.584462
-0.329304 6.588459
-0.329060 6.592539
-0.328816 6.596857
-0.328571 6.600683
-0.328327 6.604703
-0.328083 6.609277
-0.327839 6.613063
-0.327595 6.617333
-0.327350 6.621553
-0.327106 6.625389
-0.326862 6.629199
-0.326618 6.633671
-0.326374 6.637935
-0.326129 6.642252
-0.325885 6.646121
-0.325641 6.650234
-0.325397 6.654444
-0.325153 6.658580
-0.324908 6.662625
-0.324664 6.667011
-0.324420 6.671157
-0.324176 6.675343
-0.323932 6.679553
-0.323687 6.683766
-0.323443 6.688010
-0.323199 6.692247
-0.322955 6.696436
-0.322711 6.700771
-0.322466 6.704991
-0.322222 6.709286
-0.321978 6.713848
-0.321734 6.717636
-0.321490 6.722092
-0.321245 6.726340
-0.321001 6.730622
-0.320757 6.734939
-0.320513 6.738876
-0.320269 6.743499
-0.320024 6.747645
-0.319780 6.752122
-0.319536 6.756443
-0.319292 6.760685
-0.319048 6.765294
-0.318803 6.769754
-0.318559 6.773868
-0.318315 6.778471
-0.318071 6.782597
-0.317827 6.787310
-0.317582 6.791632
-0.317338 6.795994
-0.317094 6.800455
-0.316850 6.804939
-0.316606 6.809284
-0.316361 6.813707
-0.316117 6.818172
-0.315873 6.822645
-0.315629 6.827065
-0.315385 6.831544
-0.315140 6.836039
-0.314896 6.840540
-0.314652 6.845073
-0.314408 6.849615
-0.314164 6.853850
-0.313919 6.858597
-0.313675 6.863320
-0.313431 6.867855
-0.313187 6.872002
-0.312943 6.876673
-0.312698 6.881006
-0.312454 6.885605
-0.312210 6.890549
-0.311966 6.894983
-0.311722 6.899113
-0.311477 6.904081
-0.311233 6.908777
-0.310989 6.913320
-0.310745 6.917799
-0.310501 6.922489
-0.310256 6.927176
-0.310012 6.931630
-0.309768 6.936483
-0.309524 6.941232
-0.309280 6.945707
-0.309035 6.950416
-0.308791 6.955114
-0.308547 6.959788
-0.308303 6.964499
-0.308059 6.969232
-0.307814 6.973897
-0.307570 6.978597
-0.307326 6.983395
-0.307082 6.988029
-0.306838 6.992721
-0.306593 6.997502
-0.306349 7.002330
-0.306105 7.007254
-0.305861 7.011927
-0.305617 7.016699
-0.305372 7.021239
-0.305128 7.026254
-0.304884 7.031294
-0.304640 7.035585
-0.304396 7.040627
-0.304151 7.045223
-0.303907 7.050438
-0.303663 7.055269
-0.303419 7.059846
-0.303175 7.065006
-0.302930 7.069591
-0.302686 7.074670
-0.302442 7.079715
-0.302198 7.084434
-0.301954 7.089395
-0.301709 7.094166
-0.301465 7.099070
-0.301221 7.104073
-0.300977 7.108965
-0.300733 7.113927
-0.300488 7.118875
-0.300244 7.123841
-0.300000 7.128805
-0.299756 7.133782
-0.299512 7.138761
-0.299267 7.143795
-0.299023 7.148772
-0.298779 7.153679
-0.298535 7.158665
-0.298291 7.163727
-0.298046 7.168690
-0.297802 7.173615
-0.297558 7.178948
-0.297314 7.183782
-0.297070 7.188681
-0.296825 7.194302
-0.296581 7.199204
-0.296337 7.204516
-0.296093 7.209370
-0.295849 7.214363
-0.295604 7.219648
-0.295360 7.224760
-0.295116 7.230020
-0.294872 7.234810
-0.294628 7.240135
-0.294383 7.245151
-0.294139 7.250310
-0.293895 7.255612
-0.293651 7.260786
-0.293407 7.265944
-0.293162 7.271128
-0.292918 7.276378
-0.292674 7.281584
-0.292430 7.286784
-0.292186 7.292188
-0.291941 7.297227
-0.291697 7.302450
-0.291453 7.307697
-0.291209 7.312950
-0.290965 7.318429
-0.290720 7.323654
-0.290476 7.328798
-0.290232 7.334127
-0.289988 7.339369
-0.289744 7.344584
-0.289499 7.350205
-0.289255 7.355383
-0.289011 7.360891
-0.288767 7.366203
-0.288523 7.371414
-0.288278 7.377087
-0.288034 7.382303
-0.287790 7.387557
-0.287546 7.392730
-0.287302 7.398505
-0.287057 7.403960
-0.286813 7.409191
-0.286569 7.414683
-0.286325 7.419980
-0.286081 7.425591
-0.285836 7.430916
-0.285592 7.436507
-0.285348 7.441926
-0.285104 7.447417
-0.284860 7.452904
-0.284615 7.458416
-0.284371 7.463907
-0.284127 7.469535
-0.283883 7.474819
-0.283639 7.480430
-0.283394 7.486213
-0.283150 7.491530
-0.282906 7.497168
-0.282662 7.502843
-0.282418 7.508318
-0.282173 7.513500
-0.281929 7.519893
-0.281685 7.524980
-0.281441 7.530907
-0.281197 7.536297
-0.280952 7.541759
-0.280708 7.547770
-0.280464 7.552821
-0.280220 7.558839
-0.279976 7.564530
-0.279731 7.570274
-0.279487 7.575827
-0.279243 7.581651
-0.278999 7.587411
-0.278755 7.593015
-0.278510 7.598634
-0.278266 7.604395
-0.278022 7.610214
-0.277778 7.615975
-0.277534 7.621744
-0.277289 7.627491
-0.277045 7.633314
-0.276801 7.639046
-0.276557 7.644787
-0.276313 7.650701
-0.276068 7.656351
-0.275824 7.662174
-0.275580 7.668136
-0.275336 7.674280
-0.275092 7.679626
-0.274847 7.685640
-0.274603 7.691131
-0.274359 7.697572
-0.274115 7.703226
-0.273871 7.709123
-0.273626 7.715166
-0.273382 7.721035
-0.273138 7.726838
-0.272894 7.732758
-0.272650 7.738854
-0.272405 7.744646
-0.272161 7.751126
-0.271917 7.756884
-0.271673 7.762759
-0.271429 7.768861
-0.271184 7.774853
-0.270940 7.780898
-0.270696 7.786749
-0.270452 7.792763
-0.270208 7.798864
-0.269963 7.804877
-0.269719 7.810946
-0.269475 7.817019
-0.269231 7.823120
-0.268987 7.829181
-0.268742 7.835379
-0.268498 7.841259
-0.268254 7.847677
-0.268010 7.853611
-0.267766 7.859397
-0.267521 7.865794
-0.267277 7.871944
-0.267033 7.878112
-0.266789 7.884334
-0.266545 7.890833
-0.266300 7.896713
-0.266056 7.902775
-0.265812 7.909240
-0.265568 7.915438
-0.265324 7.921671
-0.265079 7.928301
-0.264835 7.934159
-0.264591 7.940488
-0.264347 7.946729
-0.264103 7.952859
-0.263858 7.959291
-0.263614 7.965751
-0.263370 7.971873
-0.263126 7.978177
-0.262882 7.984380
-0.262637 7.990807
-0.262393 7.997192
-0.262149 8.003552
-0.261905 8.009901
-0.261661 8.016309
-0.261416 8.022657
-0.261172 8.029134
-0.260928 8.035618
-0.260684 8.041967
-0.260440 8.048482
-0.260195 8.054669
-0.259951 8.061380
-0.259707 8.067832
-0.259463 8.074163
-0.259219 8.080638
-0.258974 8.087319
-0.258730 8.093320
-0.258486 8.100347
-0.258242 8.107187
-0.257998 8.113214
-0.257753 8.120024
-0.257509 8.126525
-0.257265 8.133090
-0.257021 8.139786
-0.256777 8.146317
-0.256532 8.152604
-0.256288 8.159480
-0.256044 8.165808
-0.255800 8.172534
-0.255556 8.179146
-0.255311 8.185714
-0.255067 8.192533
-0.254823 8.199157
-0.254579 8.205834
-0.254335 8.212552
-0.254090 8.219269
-0.253846 8.226022
-0.253602 8.232621
-0.253358 8.239445
-0.253114 8.246095
-0.252869 8.253003
-0.252625 8.259863
-0.252381 8.266779
-0.252137 8.273053
-0.251893 8.279832
-0.251648 8.286700
-0.251404 8.293479
-0.251160 8.300612
-0.250916 8.307369
-0.250672 8.314476
-0.250427 8.321036
-0.250183 8.328291
-0.249939 8.334747
-0.249695 8.341849
-0.249451 8.348451
-0.249206 8.355711
-0.248962 8.362705
-0.248718 8.369257
-0.248474 8.376230
-0.248230 8.383402
-0.247985 8.390449
-0.247741 8.397118
-0.247497 8.404207
-0.247253 8.411157
-0.247009 8.418249
-0.246764 8.425282
-0.246520 8.432299
-0.246276 8.439390
-0.246032 8.446464
-0.245788 8.453510
-0.245543 8.460592
-0.245299 8.467679
-0.245055 8.474882
-0.244811 8.481855
-0.244567 8.488855
-0.244322 8.496239
-0.244078 8.503197
-0.243834 8.510658
-0.243590 8.517583
-0.243346 8.524954
-0.243101 8.531783
-0.242857 8.539131
-0.242613 8.546504
-0.242369 8.553850
-0.242125 8.560783
-0.241880 8.568012
-0.241636 8.575381
-0.241392 8.582500
-0.241148 8.590280
-0.240904 8.597270
-0.240659 8.604783
-0.240415 8.612099
-0.240171 8.619306
-0.239927 8.626733
-0.239683 8.633928
-0.239438 8.641419
-0.239194 8.648772
-0.238950 8.656165
-0.238706 8.663584
-0.238462 8.671008
-0.238217 8.678376
-0.237973 8.685767
-0.237729 8.693423
-0.237485 8.700466
-0.237241 8.708167
-0.236996 8.715685
-0.236752 8.723564
-0.236508 8.730794
-0.236264 8.738075
-0.236020 8.745806
-0.235775 8.753534
-0.235531 8.760704
-0.235287 8.768951
-0.235043 8.776224
-0.234799 8.783501
-0.234554 8.791177
-0.234310 8.798756
-0.234066 8.806638
-0.233822 8.813868
-0.233578 8.821679
-0.233333 8.829324
-0.233089 8.837245
-0.232845 8.844699
-0.232601 8.852476
-0.232357 8.860200
-0.232112 8.868053
-0.231868 8.875728
-0.231624 8.883509
-0.231380 8.891264
-0.231136 8.899015
-0.230891 8.906847
-0.230647 8.914656
-0.230403 8.922389
-0.230159 8.930184
-0.229915 8.938250
-0.229670 8.945960
-0.229426 8.953907
-0.229182 8.961879
-0.228938 8.969578
-0.228694 8.977139
-0.228449 8.985551
-0.228205 8.992886
-0.227961 9.001030
-0.227717 9.009371
-0.227473 9.017232
-0.227228 9.025154
-0.226984 9.033158
-0.226740 9.041376
-0.226496 9.049225
-0.226252 9.057234
-0.226007 9.065145
-0.225763 9.073521
-0.225519 9.081348
-0.225275 9.089433
-0.225031 9.097428
-0.224786 9.105581
-0.224542 9.113941
-0.224298 9.121918
-0.224054 9.130060
-0.223810 9.138270
-0.223565 9.146448
-0.223321 9.154658
-0.223077 9.162841
-0.222833 9.171057
-0.222589 9.179435
-0.222344 9.187375
-0.222100 9.195651
-0.221856 9.204093
-0.221612 9.212011
-0.221368 9.220675
-0.221123 9.229375
-0.220879 9.237354
-0.220635 9.245665
-0.220391 9.253959
-0.220147 9.262258
-0.219902 9.270562
-0.219658 9.279013
-0.219414 9.287817
-0.219170 9.295364
-0.218926 9.304364
-0.218681 9.312719
-0.218437 9.321072
-0.218193 9.329949
-0.217949 9.338080
-0.217705 9.346794
-0.217460 9.355152
-0.217216 9.363823
-0.216972 9.372294
-0.216728 9.380704
-0.216484 9.389405
-0.216239 9.397934
-0.215995 9.406546
-0.215751 9.415152
-0.215507 9.423747
-0.215263 9.432436
-0.215018 9.441075
-0.214774 9.449817
-0.214530 9.458385
-0.214286 9.467072
-0.214042 9.475633
-0.213797 9.484814
-0.213553 9.493265
-0.213309 9.501553
-0.213065 9.511061
-0.212821 9.519497
-0.212576 9.528215
-0.212332 9.536960
-0.212088 9.545977
-0.211844 9.555118
-0.211600 9.564062
-0.211355 9.572347
-0.211111 9.581450
-0.210867 9.590423
-0.210623 9.599150
-0.210379 9.608176
-0.210134 9.617021
-0.209890 9.626246
-0.209646 9.635247
-0.209402 9.644224
-0.209158 9.653057
-0.208913 9.662124
-0.208669 9.671193
-0.208425 9.680235
-0.208181 9.689310
-0.207937 9.698330
-0.207692 9.707544
-0.207448 9.716576
-0.207204 9.725813
-0.206960 9.734990
-0.206716 9.743864
-0.206471 9.752922
-0.206227 9.762454
-0.205983 9.771384
-0.205739 9.780353
-0.205495 9.789657
-0.205250 9.799046
-0.205006 9.808592
-0.204762 9.817831
-0.204518 9.826765
-0.204274 9.836261
-0.204029 9.845576
-0.203785 9.854808
-0.203541 9.864333
-0.203297 9.873963
-0.203053 9.882912
-0.202808 9.892557
-0.202564 9.901875
-0.202320 9.911151
-0.202076 9.920715
-0.201832 9.930442
-0.201587 9.939738
-0.201343 9.949190
-0.201099 9.958743
-0.200855 9.968312
-0.200611 9.977862
-0.200366 9.987417
-0.200122 9.997033
-0.199878 10.006595
-0.199634 10.016320
-0.199389 10.025736
-0.199145 10.035444
-0.198901 10.045318
-0.198657 10.054514
-0.198413 10.064809
-0.198168 10.074570
-0.197924 10.084203
-0.197680 10.093310
-0.197436 10.103113
-0.197192 10.112717
-0.196947 10.122453
-0.196703 10.132767
-0.196459 10.142690
-0.196215 10.152581
-0.195971 10.161776
-0.195726 10.172308
-0.195482 10.181368
-0.195238 10.191750
-0.194994 10.201910
-0.194750 10.211742
-0.194505 10.221553
-0.194261 10.231565
-0.194017 10.241802
-0.193773 10.251686
-0.193529 10.261785
-0.193284 10.271813
-0.193040 10.281917
-0.192796 10.291958
-0.192552 10.302087
-0.192308 10.312154
-0.192063 10.322261
-0.191819 10.332335
-0.191575 10.342583
-0.191331 10.352807
-0.191087 10.362960
-0.190842 10.373348
-0.190598 10.383600
-0.190354 10.393837
-0.190110 10.403872
-0.189866 10.414947
-0.189621 10.424685
-0.189377 10.434696
-0.189133 10.445576
-0.188889 10.455547
-0.188645 10.466208
-0.188400 10.476386
-0.188156 10.486792
-0.187912 10.497351
-0.187668 10.507609
-0.187424 10.518444
-0.187179 10.528578
-0.186935 10.539126
-0.186691 10.549821
-0.186447 10.560483
-0.186203 10.570962
-0.185958 10.581326
-0.185714 10.592098
-0.185470 10.602696
-0.185226 10.613354
-0.184982 10.624047
-0.184737 10.634728
-0.184493 10.645435
-0.184249 10.656070
-0.184005 10.666868
-0.183761 10.677425
-0.183516 10.688048
-0.183272 10.699241
-0.183028 10.709877
-0.182784 10.720589
-0.182540 10.731469
-0.182295 10.742796
-0.182051 10.753292
-0.181807 10.763679
-0.181563 10.775203
-0.181319 10.786037
-0.181074 10.797069
-0.180830 10.808291
-0.180586 10.819261
-0.180342 10.830727
-0.180098 10.841235
-0.179853 10.852307
-0.179609 10.863304
-0.179365 10.874521
-0.179121 10.885430
-0.178877 10.896794
-0.178632 10.907917
-0.178388 10.919030
-0.178144 10.930214
-0.177900 10.941525
-0.177656 10.952709
-0.177411 10.963981
-0.177167 10.975336
-0.176923 10.986566
-0.176679 10.997799
-0.176435 11.009184
-0.176190 11.020482
-0.175946 11.032031
-0.175702 11.042983
-0.175458 11.055055
-0.175214 11.066029
-0.174969 11.077978
-0.174725 11.089048
-0.174481 11.100563
-0.174237 11.112306
-0.173993 11.123805
-0.173748 11.135718
-0.173504 11.147405
-0.173260 11.158873
-0.173016 11.170833
-0.172772 11.182091
-0.172527 11.193844
-0.172283 11.205315
-0.172039 11.217014
-0.171795 11.229257
-0.171551 11.240541
-0.171306 11.252288
-0.171062 11.264250
-0.170818 11.276106
-0.170574 11.287970
-0.170330 11.299818
-0.170085 11.311812
-0.169841 11.323724
-0.169597 11.335634
-0.169353 11.347575
-0.169109 11.359461
-0.168864 11.371799
-0.168620 11.384058
-0.168376 11.395971
-0.168132 11.407873
-0.167888 11.420134
-0.167643 11.432124
-0.167399 11.444311
-0.167155 11.456631
-0.166911 11.468444
-0.166667 11.480755
-0.166422 11.492918
-0.166178 11.505480
-0.165934 11.517667
-0.165690 11.529954
-0.165446 11.542015
-0.165201 11.554777
-0.164957 11.567169
-0.164713 11.579909
-0.164469 11.591090
-0.164225 11.604473
-0.163980 11.616881
-0.163736 11.629374
-0.163492 11.641863
-0.163248 11.654480
-0.163004 11.666717
-0.162759 11.679500
-0.162515 11.692117
-0.162271 11.704788
-0.162027 11.717506
-0.161783 11.730108
-0.161538 11.743047
-0.161294 11.755659
-0.161050 11.768453
-0.160806 11.781181
-0.160562 11.794124
-0.160317 11.807119
-0.160073 11.819810
-0.159829 11.832311
-0.159585 11.845466
-0.159341 11.858667
-0.159096 11.871697
-0.158852 11.884349
-0.158608 11.897603
-0.158364 11.911041
-0.158120 11.923904
-0.157875 11.936974
-0.157631 11.949935
-0.157387 11.962980
-0.157143 11.976100
-0.156899 11.989371
-0.156654 12.002461
-0.156410 12.015741
-0.156166 12.029117
-0.155922 12.042217
-0.155678 12.055764
-0.155433 12.069096
-0.155189 12.082635
-0.154945 12.095915
-0.154701 12.109370
-0.154457 12.122823
-0.154212 12.136208
-0.153968 12.149731
-0.153724 12.163332
-0.153480 12.176964
-0.153236 12.190342
-0.152991 12.204137
-0.152747 12.218069
-0.152503 12.231682
-0.152259 12.245209
-0.152015 12.258656
-0.151770 12.272339
-0.151526 12.287044
-0.151282 12.300482
-0.151038 12.313951
-0.150794 12.327618
-0.150549 12.341691
-0.150305 12.355853
-0.150061 12.370052
-0.149817 12.383886
-0.149573 12.397924
-0.149328 12.412088
-0.149084 12.426110
-0.148840 12.440086
-0.148596 12.454383
-0.148352 12.468362
-0.148107 12.482648
-0.147863 12.496831
-0.147619 12.511078
-0.147375 12.525493
-0.147131 12.539764
-0.146886 12.554149
-0.146642 12.568463
-0.146398 12.583075
-0.146154 12.597179
-0.145910 12.611880
-0.145665 12.626220
-0.145421 12.640442
-0.145177 12.655446
-0.144933 12.669846
-0.144689 12.685046
-0.144444 12.699137
-0.144200 12.713378
-0.143956 12.728624
-0.143712 12.743553
-0.143468 12.758639
-0.143223 12.772912
-0.142979 12.787935
-0.142735 12.802802
-0.142491 12.817706
-0.142247 12.831972
-0.142002 12.847660
-0.141758 12.862379
-0.141514 12.877674
-0.141270 12.892921
-0.141026 12.907831
-0.140781 12.922809
-0.140537 12.938077
-0.140293 12.953155
-0.140049 12.968283
-0.139805 12.983599
-0.139560 12.998927
-0.139316 13.014292
-0.139072 13.029709
-0.138828 13.045058
-0.138584 13.060535
-0.138339 13.075848
-0.138095 13.091307
-0.137851 13.106472
-0.137607 13.122033
-0.137363 13.138256
-0.137118 13.153630
-0.136874 13.169056
-0.136630 13.184900
-0.136386 13.201123
-0.136142 13.217089
-0.135897 13.232523
-0.135653 13.248208
-0.135409 13.263793
-0.135165 13.279799
-0.134921 13.295881
-0.134676 13.311994
-0.134432 13.327357
-0.134188 13.344469
-0.133944 13.360070
-0.133700 13.376258
-0.133455 13.392639
-0.133211 13.408228
-0.132967 13.424647
-0.132723 13.440932
-0.132479 13.457357
-0.132234 13.473646
-0.131990 13.490101
-0.131746 13.506520
-0.131502 13.522977
-0.131258 13.539435
-0.131013 13.556189
-0.130769 13.572298
-0.130525 13.589327
-0.130281 13.605638
-0.130037 13.621999
-0.129792 13.638612
-0.129548 13.655688
-0.129304 13.672502
-0.129060 13.689190
-0.128816 13.706531
-0.128571 13.723517
-0.128327 13.740367
-0.128083 13.757653
-0.127839 13.774373
-0.127595 13.791191
-0.127350 13.808826
-0.127106 13.825664
-0.126862 13.842531
-0.126618 13.859684
-0.126374 13.877707
-0.126129 13.894844
-0.125885 13.912264
-0.125641 13.929171
-0.125397 13.947057
-0.125153 13.964370
-0.124908 13.981890
-0.124664 13.999538
-0.124420 14.017117
-0.124176 14.034728
-0.123932 14.052437
-0.123687 14.070097
-0.123443 14.087935
-0.123199 14.105882
-0.122955 14.123409
-0.122711 14.141623
-0.122466 14.159474
-0.122222 14.177519
-0.121978 14.195260
-0.121734 14.213866
-0.121490 14.231757
-0.121245 14.250491
-0.121001 14.268080
-0.120757 14.286934
-0.120513 14.304499
-0.120269 14.323433
-0.120024 14.342303
-0.119780 14.359903
-0.119536 14.377953
-0.119292 14.397019
-0.119048 14.415660
-0.118803 14.434264
-0.118559 14.452926
-0.118315 14.471643
-0.118071 14.490279
-0.117827 14.509394
-0.117582 14.527877
-0.117338 14.547009
-0.117094 14.565899
-0.116850 14.584893
-0.116606 14.603866
-0.116361 14.622965
-0.116117 14.642151
-0.115873 14.661246
-0.115629 14.680678
-0.115385 14.699895
-0.115140 14.718919
-0.114896 14.738382
-0.114652 14.758218
-0.114408 14.778154
-0.114164 14.798489
-0.113919 14.816729
-0.113675 14.836597
-0.113431 14.856504
-0.113187 14.876522
-0.112943 14.896216
-0.112698 14.916051
-0.112454 14.935616
-0.112210 14.955724
-0.111966 14.975463
-0.111722 14.995466
-0.111477 15.015536
-0.111233 15.036118
-0.110989 15.056365
-0.110745 15.076365
-0.110501 15.096654
-0.110256 15.117090
-0.110012 15.137820
-0.109768 15.158246
-0.109524 15.178792
-0.109280 15.199387
-0.109035 15.220193
-0.108791 15.240932
-0.108547 15.261490
-0.108303 15.282234
-0.108059 15.302987
-0.107814 15.324356
-0.107570 15.344594
-0.107326 15.366722
-0.107082 15.387240
-0.106838 15.408797
-0.106593 15.430086
-0.106349 15.451452
-0.106105 15.472691
-0.105861 15.493794
-0.105617 15.515175
-0.105372 15.536613
-0.105128 15.558518
-0.104884 15.580345
-0.104640 15.602133
-0.104396 15.623322
-0.104151 15.646216
-0.103907 15.667381
-0.103663 15.689118
-0.103419 15.711812
-0.103175 15.733772
-0.102930 15.755690
-0.102686 15.778147
-0.102442 15.800446
-0.102198 15.822721
-0.101954 15.845161
-0.101709 15.867516
-0.101465 15.890226
-0.101221 15.912568
-0.100977 15.935632
-0.100733 15.958383
-0.100488 15.981134
-0.100244 16.003284
-0.100000 16.026469
-0.099756 16.049940
-0.099512 16.072564
-0.099267 16.096512
-0.099023 16.119397
-0.098779 16.142703
-0.098535 16.165576
-0.098291 16.189055
-0.098046 16.212842
-0.097802 16.236563
-0.097558 16.259982
-0.097314 16.284761
-0.097070 16.307582
-0.096825 16.332187
-0.096581 16.355172
-0.096337 16.379077
-0.096093 16.403270
-0.095849 16.427656
-0.095604 16.451772
-0.095360 16.476020
-0.095116 16.500436
-0.094872 16.524904
-0.094628 16.549419
-0.094383 16.574128
-0.094139 16.598782
-0.093895 16.623588
-0.093651 16.648432
-0.093407 16.673309
-0.093162 16.698178
-0.092918 16.723246
-0.092674 16.748015
-0.092430 16.774316
-0.092186 16.798971
-0.091941 16.823756
-0.091697 16.850472
-0.091453 16.875024
-0.091209 16.900362
-0.090965 16.926416
-0.090720 16.952820
-0.090476 16.978381
-0.090232 17.004533
-0.089988 17.030590
-0.089744 17.057239
-0.089499 17.083026
-0.089255 17.109977
-0.089011 17.135942
-0.088767 17.161963
-0.088523 17.188906
-0.088278 17.215386
-0.088034 17.241999
-0.087790 17.269050
-0.087546 17.296030
-0.087302 17.323083
-0.087057 17.350060
-0.086813 17.377609
-0.086569 17.404908
-0.086325 17.432196
-0.086081 17.459606
-0.085836 17.486900
-0.085592 17.514840
-0.085348 17.542376
-0.085104 17.569811
-0.084860 17.598611
-0.084615 17.626911
-0.084371 17.654865
-0.084127 17.682279
-0.083883 17.711020
-0.083639 17.739829
-0.083394 17.768808
-0.083150 17.796605
-0.082906 17.825515
-0.082662 17.854840
-0.082418 17.883279
-0.082173 17.913455
-0.081929 17.941869
-0.081685 17.971192
-0.081441 18.000760
-0.081197 18.029953
-0.080952 18.059590
-0.080708 18.089383
-0.080464 18.119203
-0.080220 18.149199
-0.079976 18.179142
-0.079731 18.209390
-0.079487 18.239608
-0.079243 18.270099
-0.078999 18.300329
-0.078755 18.330690
-0.078510 18.361737
-0.078266 18.392690
-0.078022 18.424197
-0.077778 18.454803
-0.077534 18.485325
-0.077289 18.516845
-0.077045 18.549282
-0.076801 18.579697
-0.076557 18.612331
-0.076313 18.643453
-0.076068 18.675254
-0.075824 18.708014
-0.075580 18.739601
-0.075336 18.771995
-0.075092 18.804501
-0.074847 18.837625
-0.074603 18.870012
-0.074359 18.902988
-0.074115 18.935610
-0.073871 18.968722
-0.073626 19.002037
-0.073382 19.035402
-0.073138 19.068812
-0.072894 19.102559
-0.072650 19.136191
-0.072405 19.169820
-0.072161 19.204064
-0.071917 19.237765
-0.071673 19.272785
-0.071429 19.307335
-0.071184 19.341347
-0.070940 19.376610
-0.070696 19.411606
-0.070452 19.446279
-0.070208 19.481805
-0.069963 19.516497
-0.069719 19.552381
-0.069475 19.588683
-0.069231 19.623388
-0.068987 19.660549
-0.068742 19.696122
-0.068498 19.731636
-0.068254 19.768502
-0.068010 19.804700
-0.067766 19.842016
-0.067521 19.878638
-0.067277 19.915924
-0.067033 19.953002
-0.066789 19.990505
-0.066545 20.028081
-0.066300 20.065851
-0.066056 20.103470
-0.065812 20.141615
-0.065568 20.180081
-0.065324 20.218179
-0.065079 20.257479
-0.064835 20.296122
-0.064591 20.334385
-0.064347 20.373837
-0.064103 20.413229
-0.063858 20.454160
-0.063614 20.493509
-0.063370 20.531571
-0.063126 20.572097
-0.062882 20.612509
-0.062637 20.653274
-0.062393 20.693178
-0.062149 20.734891
-0.061905 20.775766
-0.061661 20.816966
-0.061416 20.858733
-0.061172 20.900383
-0.060928 20.942130
-0.060684 20.984435
-0.060440 21.026530
-0.060195 21.069015
-0.059951 21.111783
-0.059707 21.154619
-0.059463 21.197733
-0.059219 21.241345
-0.058974 21.284787
-0.058730 21.328958
-0.058486 21.372406
-0.058242 21.416936
-0.057998 21.462024
-0.057753 21.506384
-0.057509 21.551311
-0.057265 21.596505
-0.057021 21.641512
-0.056777 21.686937
-0.056532 21.732759
-0.056288 21.778953
-0.056044 21.826372
-0.055800 21.872952
-0.055556 21.919419
-0.055311 21.966972
-0.055067 22.014750
-0.054823 22.062056
-0.054579 22.109968
-0.054335 22.158508
-0.054090 22.207010
-0.053846 22.255893
-0.053602 22.304958
-0.053358 22.354249
-0.053114 22.404045
-0.052869 22.454434
-0.052625 22.504145
-0.052381 22.555059
-0.052137 22.605869
-0.051893 22.656547
-0.051648 22.707750
-0.051404 22.759513
-0.051160 22.811638
-0.050916 22.864298
-0.050672 22.917614
-0.050427 22.970799
-0.050183 23.023663
-0.049939 23.077398
-0.049695 23.131274
-0.049451 23.185845
-0.049206 23.240510
-0.048962 23.295731
-0.048718 23.351214
-0.048474 23.406837
-0.048230 23.463201
-0.047985 23.519519
-0.047741 23.576298
-0.047497 23.633676
-0.047253 23.691589
-0.047009 23.749889
-0.046764 23.807064
-0.046520 23.866341
-0.046276 23.925787
-0.046032 23.985614
-0.045788 24.045750
-0.045543 24.105870
-0.045299 24.167158
-0.045055 24.228441
-0.044811 24.290155
-0.044567 24.352064
-0.044322 24.414763
-0.044078 24.477800
-0.043834 24.541142
-0.043590 24.605219
-0.043346 24.669307
-0.043101 24.735418
-0.042857 24.801073
-0.042613 24.867342
-0.042369 24.931742
-0.042125 24.999504
-0.041880 25.066955
-0.041636 25.135560
-0.041392 25.204139
-0.041148 25.272844
-0.040904 25.342371
-0.040659 25.412530
-0.040415 25.483160
-0.040171 25.554717
-0.039927 25.626911
-0.039683 25.699040
-0.039438 25.772926
-0.039194 25.844145
-0.038950 25.919998
-0.038706 25.993475
-0.038462 26.070069
-0.038217 26.145665
-0.037973 26.221663
-0.037729 26.302736
-0.037485 26.374559
-0.037241 26.463031
-0.036996 26.531712
-0.036752 26.616953
-0.036508 26.677945
-0.036264 26.795470
-0.036020 26.856297
-0.035775 26.930049
-0.035531 26.949901
-0.035287 27.150503
-0.035043 27.060698
-0.034799 27.270446
-0.034554 27.274799
-0.034310 27.432069
-0.034066 27.493482
-0.033822 27.728725
-0.033578 27.717474
-0.033333 27.536706
-0.033089 27.977957
-0.032845 28.364637
-0.032601 28.001268
-0.032357 28.437217
-0.032112 28.215612
-0.031868 29.298340
-0.031624 28.669278
-0.031380 28.407933
-0.031136 29.007464
-0.030891 27.971736
-0.030647 28.957792
-0.030403 30.348681
-0.030159 29.419183
-0.029915 28.990761
-0.029670 28.748651
-0.029426 30.283361
-0.029182 29.048465
-0.028938 29.691735
-0.028694 31.494008
-0.028449 32.419011
-0.028205 32.829462
-0.027961 34.258749
-0.027717 33.207960
-0.027473 33.004933
-0.027228 33.977814
-0.026984 32.097602
-0.026740 33.267758
-0.026496 32.597874
-0.026252 36.761870
-0.026007 33.120121
-0.025763 36.206449
-0.025519 33.232963
-0.025275 37.013734
-0.025031 38.991865
-0.024786 35.112282
-0.024542 39.213416
-0.024298 39.882173
-0.024054 37.100249
-0.023810 39.520084
-0.023565 38.886040
-0.023321 40.628802
-0.023077 42.377799
-0.022833 43.483310
-0.022589 39.965134
-0.022344 45.757769
-0.022100 41.509111
-0.021856 42.511281
-0.021612 40.667162
-0.021368 45.392849
-0.021123 46.807087
-0.020879 45.728512
-0.020635 49.004400
-0.020391 46.501898
-0.020147 51.751314
-0.019902 49.637215
-0.019658 48.915029
-0.019414 48.827745
-0.019170 46.835351
-0.018926 48.966061
-0.018681 49.318616
-0.018437 53.811877
-0.018193 50.478038
-0.017949 51.560310
-0.017705 51.339156
-0.017460 51.227958
-0.017216 55.160174
-0.016972 53.541932
-0.016728 54.288974
-0.016484 55.844984
-0.016239 53.247892
-0.015995 54.975863
-0.015751 52.249725
-0.015507 54.846941
-0.015263 57.922919
-0.015018 56.743859
-0.014774 55.218732
-0.014530 56.709210
-0.014286 56.519228
-0.014042 57.446037
-0.013797 58.323351
-0.013553 58.176490
-0.013309 57.350416
-0.013065 62.472214
-0.012821 54.409526
-0.012576 59.198800
-0.012332 61.887677
-0.012088 58.668858
-0.011844 59.486805
-0.011600 61.300651
-0.011355 59.661842
-0.011111 62.856676
-0.010867 60.211917
-0.010623 63.407418
-0.010379 62.205940
-0.010134 62.244128
-0.009890 64.255431
-0.009646 59.963589
-0.009402 57.939523
-0.009158 61.579127
-0.008913 64.311502
-0.008669 62.009603
-0.008425 62.461095
-0.008181 63.807549
-0.007937 61.721412
-0.007692 62.364192
-0.007448 63.556566
-0.007204 61.203706
-0.006960 57.843337
-0.006716 63.452308
-0.006471 65.465574
-0.006227 64.829423
-0.005983 62.678809
-0.005739 65.693812
-0.005495 64.747394
-0.005250 66.228779
-0.005006 63.112666
-0.004762 63.460419
-0.004518 64.275001
-0.004274 66.055208
-0.004029 66.536399
-0.003785 65.682211
-0.003541 68.139067
-0.003297 67.759146
-0.003053 65.996394
-0.002808 65.256131
-0.002564 65.391715
-0.002320 66.649990
-0.002076 66.846427
-0.001832 66.457902
-0.001587 64.526409
-0.001343 61.871440
-0.001099 66.318244
-0.000855 66.388727
-0.000611 64.848594
-0.000366 66.356258
-0.000122 67.059450
0.000122 64.092121
0.000366 67.059450
0.000611 66.356258
0.000855 64.848594
0.001099 66.388727
0.001343 66.318244
0.001587 61.871440
0.001832 64.526409
0.002076 66.457902
0.002320 66.846427
0.002564 66.649990
0.002808 65.391715
0.003053 65.256131
0.003297 65.996394
0.003541 67.759146
0.003785 68.139067
0.004029 65.682211
0.004274 66.536399
0.004518 66.055208
0.004762 64.275001
0.005006 63.460419
0.005250 63.112666
0.005495 66.228779
0.005739 64.747394
0.005983 65.693812
0.006227 62.678809
0.006471 64.829423
0.006716 65.465574
0.006960 63.452308
0.007204 57.843337
0.007448 61.203706
0.007692 63.556566
0.007937 62.364192
0.008181 61.721412
0.008425 63.807549
0.008669 62.461095
0.008913 62.009603
0.009158 64.311502
0.009402 61.579127
0.009646 57.939523
0.009890 59.963589
0.010134 64.255431
0.010379 62.244128
0.010623 62.205940
0.010867 63.407418
0.011111 60.211917
0.011355 62.856676
0.011600 59.661842
0.011844 61.300651
0.012088 59.486805
0.012332 58.668858
0.012576 61.887677
0.012821 59.198800
0.013065 54.409526
0.013309 62.472214
0.013553 57.350416
0.013797 58.176490
0.014042 58.323351
0.014286 57.446037
0.014530 56.519228
0.014774 56.709210
0.015018 55.218732
0.015263 56.743859
0.015507 57.922919
0.015751 54.846941
0.015995 52.249725
0.016239 54.975863
0.016484 53.247892
0.016728 55.844984
0.016972 54.288974
0.017216 53.541932
0.017460 55.160174
0.017705 51.227958
0.017949 51.339156
0.018193 51.560310
0.018437 50.478038
0.018681 53.811877
0.018926 49.318616
0.019170 48.966061
0.019414 46.835351
0.019658 48.827745
0.019902 48.915029
0.020147 49.637215
0.020391 51.751314
0.020635 46.501898
0.020879 49.004400
0.021123 45.728512
0.021368 46.807087
0.021612 45.392849
0.021856 40.667162
0.022100 42.511281
0.022344 41.509111
0.022589 45.757769
0.022833 39.965134
0.023077 43.483310
0.023321 42.377799
0.023565 40.628802
0.023810 38.886040
0.024054 39.520084
0.024298 37.100249
0.024542 39.882173
0.024786 39.213416
0.025031 35.112282
0.025275 38.991865
0.025519 37.013734
0.025763 33.232963
0.026007 36.206449
0.026252 33.120121
0.026496 36.761870
0.026740 32.597874
0.026984 33.267758
0.027228 32.097602
0.027473 33.977814
0.027717 33.004933
0.027961 33.207960
0.028205 34.258749
0.028449 32.829462
0.028694 32.419011
0.028938 31.494008
0.029182 29.691735
0.029426 29.048465
0.029670 30.283361
0.029915 28.748651
0.030159 28.990761
0.030403 29.419183
0.030647 30.348681
0.030891 28.957792
0.031136 27.971736
0.031380 29.007464
0.031624 28.407933
0.031868 28.669278
0.032112 29.298340
0.032357 28.215612
0.032601 28.437217
0.032845 28.001268
0.033089 28.364637
0.033333 27.977957
0.033578 27.536706
0.033822 27.717474
0.034066 27.728725
0.034310 27.493482
0.034554 27.432069
0.034799 27.274799
0.035043 27.270446
0.035287 27.060698
0.035531 27.150503
0.035775 26.949901
0.036020 26.930049
0.036264 26.856297
0.036508 26.795470
0.036752 26.677945
0.036996 26.616953
0.037241 26.531712
0.037485 26.463031
0.037729 26.374559
0.037973 26.302736
0.038217 26.221663
0.038462 26.145665
0.038706 26.070069
0.038950 25.993475
0.039194 25.919998
0.039438 25.844145
0.039683 25.772926
0.039927 25.699040
0.040171 25.626911
0.040415 25.554717
0.040659 25.483160
0.040904 25.412530
0.041148 25.342371
0.041392 25.272844
0.041636 25.204139
0.041880 25.135560
0.042125 25.066955
0.042369 24.999504
0.042613 24.931742
0.042857 24.867342
0.043101 24.801073
0.043346 24.735418
0.043590 24.669307
0.043834 24.605219
0.044078 24.541142
0.044322 24.477800
0.044567 24.414763
0.044811 24.352064
0.045055 24.290155
0.045299 24.228441
0.045543 24.167158
0.045788 24.105870
0.046032 24.045750
0.046276 23.985614
0.046520 23.925787
0.046764 23.866341
0.047009 23.807064
0.047253 23.749889
0.047497 23.691589
0.047741 23.633676
0.047985 23.576298
0.048230 23.519519
0.048474 23.463201
0.048718 23.406837
0.048962 23.351214
0.049206 23.295731
0.049451 23.240510
0.049695 23.185845
0.049939 23.131274
0.050183 23.077398
0.050427 23.023663
0.050672 22.970799
0.050916 22.917614
0.051160 22.864298
0.051404 22.811638
0.051648 22.759513
0.051893 22.707750
0.052137 22.656547
0.052381 22.605869
0.052625 22.555059
0.052869 22.504145
0.053114 22.454434
0.053358 22.404045
0.053602 22.354249
0.053846 22.304958
0.054090 22.255893
0.054335 22.207010
0.054579 22.158508
0.054823 22.109968
0.055067 22.062056
0.055311 22.014750
0.055556 21.966972
0.055800 21.919419
0.056044 21.872952
0.056288 21.826372
0.056532 21.778953
0.056777 21.732759
0.057021 21.686937
0.057265 21.641512
0.057509 21.596505
0.057753 21.551311
0.057998 21.506384
0.058242 21.462024
0.058486 21.416936
0.058730 21.372406
0.058974 21.328958
0.059219 21.284787
0.059463 21.241345
0.059707 21.197733
0.059951 21.154619
0.060195 21.111783
0.060440 21.069015
0.060684 21.026530
0.060928 20.984435
0.061172 20.942130
0.061416 20.900383
0.061661 20.858733
0.061905 20.816966
0.062149 20.775766
0.062393 20.734891
0.062637 20.693178
0.062882 20.653274
0.063126 20.612509
0.063370 20.572097
0.063614 20.531571
0.063858 20.493509
0.064103 20.454160
0.064347 20.413229
0.064591 20.373837
0.064835 20.334385
0.065079 20.296122
0.065324 20.257479
0.065568 20.218179
0.065812 20.180081
0.066056 20.141615
0.066300 20.103470
0.066545 20.065851
0.066789 20.028081
0.067033 19.990505
0.067277 19.953002
0.067521 19.915924
0.067766 19.878638
0.068010 19.842016
0.068254 19.804700
0.068498 19.768502
0.068742 19.731636
0.068987 19.696122
0.069231 19.660549
0.069475 19.623388
0.069719 19.588683
0.069963 19.552381
0.070208 19.516497
0.070452 19.481805
0.070696 19.446279
0.070940 19.411606
0.071184 19.376610
0.071429 19.341347
0.071673 19.307335
0.071917 19.272785
0.072161 19.237765
0.072405 19.204064
0.072650 19.169820
0.072894 19.136191
0.073138 19.102559
0.073382 19.068812
0.073626 19.035402
0.073871 19.002037
0.074115 18.968722
0.074359 18.935610
0.074603 18.902988
0.074847 18.870012
0.075092 18.837625
0.075336 18.804501
0.075580 18.771995
0.075824 18.739601
0.076068 18.708014
0.076313 18.675254
0.076557 18.643453
0.076801 18.612331
0.077045 18.579697
0.077289 18.549282
0.077534 18.516845
0.077778 18.485325
0.078022 18.454803
0.078266 18.424197
0.078510 18.392690
0.078755 18.361737
0.078999 18.330690
0.079243 18.300329
0.079487 18.270099
0.079731 18.239608
0.079976 18.209390
0.080220 18.179142
0.080464 18.149199
0.080708 18.119203
0.080952 18.089383
0.081197 18.059590
0.081441 18.029953
0.081685 18.000760
0.081929 17.971192
0.082173 17.941869
0.082418 17.913455
0.082662 17.883279
0.082906 17.854840
0.083150 17.825515
0.083394 17.796605
0.083639 17.768808
0.083883 17.739829
0.084127 17.711020
0.084371 17.682279
0.084615 17.654865
0.084860 17.626911
0.085104 17.598611
0.085348 17.569811
0.085592 17.542376
0.085836 17.514840
0.086081 17.486900
0.086325 17.459606
0.086569 17.432196
0.086813 17.404908
0.087057 17.377609
0.087302 17.350060
0.087546 17.323083
0.087790 17.296030
0.088034 17.269050
0.088278 17.241999
0.088523 17.215386
0.088767 17.188906
0.089011 17.161963
0.089255 17.135942
0.089499 17.109977
0.089744 17.083026
0.089988 17.057239
0.090232 17.030590
0.090476 17.004533
0.090720 16.978381
0.090965 16.952820
0.091209 16.926416
0.091453 16.900362
0.091697 16.875024
0.091941 16.850472
0.092186 16.823756
0.092430 16.798971
0.092674 16.774316
0.092918 16.748015
0.093162 16.723246
0.093407 16.698178
0.093651 16.673309
0.093895 16.648432
0.094139 16.623588
0.094383 16.598782
0.094628 16.574128
0.094872 16.549419
0.095116 16.524904
0.095360 16.500436
0.095604 16.476020
0.095849 16.451772
0.096093 16.427656
0.096337 16.403270
0.096581 16.379077
0.096825 16.355172
0.097070 16.332187
0.097314 16.307582
0.097558 16.284761
0.097802 16.259982
0.098046 16.236563
0.098291 16.212842
0.098535 16.189055
0.098779 16.165576
0.099023 16.142703
0.099267 16.119397
0.099512 16.096512
0.099756 16.072564
0.100000 16.049940
0.100244 16.026469
0.100488 16.003284
0.100733 15.981134
0.100977 15.958383
0.101221 15.935632
0.101465 15.912568
0.101709 15.890226
0.101954 15.867516
0.102198 15.845161
0.102442 15.822721
0.102686 15.800446
0.102930 15.778147
0.103175 15.755690
0.103419 15.733772
0.103663 15.711812
0.103907 15.689118
0.104151 15.667381
0.104396 15.646216
0.104640 15.623322
0.104884 15.602133
0.105128 15.580345
0.105372 15.558518
0.105617 15.536613
0.105861 15.515175
0.106105 15.493794
0.106349 15.472691
0.106593 15.451452
0.106838 15.430086
0.107082 15.408797
0.107326 15.387240
0.107570 15.366722
0.107814 15.344594
0.108059 15.324356
0.108303 15.302987
0.108547 15.282234
0.108791 15.261490
0.109035 15.240932
0.109280 15.220193
0.109524 15.199387
0.109768 15.178792
0.110012 15.158246
0.110256 15.137820
0.110501 15.117090
0.110745 15.096654
0.110989 15.076365
0.111233 15.056365
0.111477 15.036118
0.111722 15.015536
0.111966 14.995466
0.112210 14.975463
0.112454 14.955724
0.112698 14.935616
0.112943 14.916051
0.113187 14.896216
0.113431 14.876522
0.113675 14.856504
0.113919 14.836597
0.114164 14.816729
0.114408 14.798489
0.114652 14.778154
0.114896 14.758218
0.115140 14.738382
0.115385 14.718919
0.115629 14.699895
0.115873 14.680678
0.116117 14.661246
0.116361 14.642151
0.116606 14.622965
0.116850 14.603866
0.117094 14.584893
0.117338 14.565899
0.117582 14.547009
0.117827 14.527877
0.118071 14.509394
0.118315 14.490279
0.118559 14.471643
0.118803 14.452926
0.119048 14.434264
0.119292 14.415660
0.119536 14.397019
0.119780 14.377953
0.120024 14.359903
0.120269 14.342303
0.120513 14.323433
0.120757 14.304499
0.121001 14.286934
0.121245 14.268080
0.121490 14.250491
0.121734 14.231757
0.121978 14.213866
0.122222 14.195260
0.122466 14.177519
0.122711 14.159474
0.122955 14.141623
0.123199 14.123409
0.123443 14.105882
0.123687 14.087935
0.123932 14.070097
0.124176 14.052437
0.124420 14.034728
0.124664 14.017117
0.124908 13.999538
0.125153 13.981890
0.125397 13.964370
0.125641 13.947057
0.125885 13.929171
0.126129 13.912264
0.126374 13.894844
0.126618 13.877707
0.126862 13.859684
0.127106 13.842531
0.127350 13.825664
0.127595 13.808826
0.127839 13.791191
0.128083 13.774373
0.128327 13.757653
0.128571 13.740367
0.128816 13.723517
0.129060 13.706531
0.129304 13.689190
0.129548 13.672502
0.129792 13.655688
0.130037 13.638612
0.130281 13.621999
0.130525 13.605638
0.130769 13.589327
0.131013 13.572298
0.131258 13.556189
0.131502 13.539435
0.131746 13.522977
0.131990 13.506520
0.132234 13.490101
0.132479 13.473646
0.132723 13.457357
0.132967 13.440932
0.133211 13.424647
0.133455 13.408228
0.133700 13.392639
0.133944 13.376258
0.134188 13.360070
0.134432 13.344469
0.134676 13.327357
0.134921 13.311994
0.135165 13.295881
0.135409 13.279799
0.135653 13.263793
0.135897 13.248208
0.136142 13.232523
0.136386 13.217089
0.136630 13.201123
0.136874 13.184900
0.137118 13.169056
0.137363 13.153630
0.137607 13.138256
0.137851 13.122033
0.138095 13.106472
0.138339 13.091307
0.138584 13.075848
0.138828 13.060535
0.139072 13.045058
0.139316 13.029709
0.139560 13.014292
0.139805 12.998927
0.140049 12.983599
0.140293 12.968283
0.140537 12.953155
0.140781 12.938077
0.141026 12.922809
0.141270 12.907831
0.141514 12.892921
0.141758 12.877674
0.142002 12.862379
0.142247 12.847660
0.142491 12.831972
0.142735 12.817706
0.142979 12.802802
0.143223 12.787935
0.143468 12.772912
0.143712 12.758639
0.143956 12.743553
0.144200 12.728624
0.144444 12.713378
0.144689 12.699137
0.144933 12.685046
0.145177 12.669846
0.145421 12.655446
0.145665 12.640442
0.145910 12.626220
0.146154 12.611880
0.146398 12.597179
0.146642 12.583075
0.146886 12.568463
0.147131 12.554149
0.147375 12.539764
0.147619 12.525493
0.147863 12.511078
0.148107 12.496831
0.148352 12.482648
0.148596 12.468362
0.148840 12.454383
0.149084 12.440086
0.149328 12.426110
0.149573 12.412088
0.149817 12.397924
0.150061 12.383886
0.150305 12.370052
0.150549 12.355853
0.150794 12.341691
0.151038 12.327618
0.151282 12.313951
0.151526 12.300482
0.151770 12.287044
0.152015 12.272339
0.152259 12.258656
0.152503 12.245209
0.152747 12.231682
0.152991 12.218069
0.153236 12.204137
0.153480 12.190342
0.153724 12.176964
0.153968 12.163332
0.154212 12.149731
0.154457 12.136208
0.154701 12.122823
0.154945 12.109370
0.155189 12.095915
0.155433 12.082635
0.155678 12.069096
0.155922 12.055764
0.156166 12.042217
0.156410 12.029117
0.156654 12.015741
0.156899 12.002461
0.157143 11.989371
0.157387 11.976100
0.157631 11.962980
0.157875 11.949935
0.158120 11.936974
0.158364 11.923904
0.158608 11.911041
0.158852 11.897603
0.159096 11.884349
0.159341 11.871697
0.159585 11.858667
0.159829 11.845466
0.160073 11.832311
0.160317 11.819810
0.160562 11.807119
0.160806 11.794124
0.161050 11.781181
0.161294 11.768453
0.161538 11.755659
0.161783 11.743047
0.162027 11.730108
0.162271 11.717506
0.162515 11.704788
0.162759 11.692117
0.163004 11.679500
0.163248 11.666717
0.163492 11.654480
0.163736 11.641863
0.163980 11.629374
0.164225 11.616881
0.164469 11.604473
0.164713 11.591090
0.164957 11.579909
0.165201 11.567169
0.165446 11.554777
0.165690 11.542015
0.165934 11.529954
0.166178 11.517667
0.166422 11.505480
0.166667 11.492918
0.166911 11.480755
0.167155 11.468444
0.167399 11.456631
0.167643 11.444311
0.167888 11.432124
0.168132 11.420134
0.168376 11.407873
0.168620 11.395971
0.168864 11.384058
0.169109 11.371799
0.169353 11.359461
0.169597 11.347575
0.169841 11.335634
0.170085 11.323724
0.170330 11.311812
0.170574 11.299818
0.170818 11.287970
0.171062 11.276106
0.171306 11.264250
0.171551 11.252288
0.171795 11.240541
0.172039 11.229257
0.172283 11.217014
0.172527 11.205315
0.172772 11.193844
0.173016 11.182091
0.173260 11.170833
0.173504 11.158873
0.173748 11.147405
0.173993 11.135718
0.174237 11.123805
0.174481 11.112306
0.174725 11.100563
0.174969 11.089048
0.175214 11.077978
0.175458 11.066029
0.175702 11.055055
0.175946 11.042983
0.176190 11.032031
0.176435 11.020482
0.176679 11.009184
0.176923 10.997799
0.177167 10.986566
0.177411 10.975336
0.177656 10.963981
0.177900 10.952709
0.178144 10.941525
0.178388 10.930214
0.178632 10.919030
0.178877 10.907917
0.179121 10.896794
0.179365 10.885430
0.179609 10.874521
0.179853 10.863304
0.180098 10.852307
0.180342 10.841235
0.180586 10.830727
0.180830 10.819261
0.181074 10.808291
0.181319 10.797069
0.181563 10.786037
0.181807 10.775203
0.182051 10.763679
0.182295 10.753292
0.182540 10.742796
0.182784 10.731469
0.183028 10.720589
0.183272 10.709877
0.183516 10.699241
0.183761 10.688048
0.184005 10.677425
0.184249 10.666868
0.184493 10.656070
0.184737 10.645435
0.184982 10.634728
0.185226 10.624047
0.185470 10.613354
0.185714 10.602696
0.185958 10.592098
0.186203 10.581326
0.186447 10.570962
0.186691 10.560483
0.186935 10.549821
0.187179 10.539126
0.187424 10.528578
0.187668 10.518444
0.187912 10.507609
0.188156 10.497351
0.188400 10.486792
0.188645 10.476386
0.188889 10.466208
0.189133 10.455547
0.189377 10.445576
0.189621 10.434696
0.189866 10.424685
0.190110 10.414947
0.190354 10.403872
0.190598 10.393837
0.190842 10.383600
0.191087 10.373348
0.191331 10.362960
0.191575 10.352807
0.191819 10.342583
0.192063 10.332335
0.192308 10.322261
0.192552 10.312154
0.192796 10.302087
0.193040 10.291958
0.193284 10.281917
0.193529 10.271813
0.193773 10.261785
0.194017 10.251686
0.194261 10.241802
0.194505 10.231565
0.194750 10.221553
0.194994 10.211742
0.195238 10.201910
0.195482 10.191750
0.195726 10.181368
0.195971 10.172308
0.196215 10.161776
0.196459 10.152581
0.196703 10.142690
0.196947 10.132767
0.197192 10.122453
0.197436 10.112717
0.197680 10.103113
0.197924 10.093310
0.198168 10.084203
0.198413 10.074570
0.198657 10.064809
0.198901 10.054514
0.199145 10.045318
0.199389 10.035444
0.199634 10.025736
0.199878 10.016320
0.200122 10.006595
0.200366 9.997033
0.200611 9.987417
0.200855 9.977862
0.201099 9.968312
0.201343 9.958743
0.201587 9.949190
0.201832 9.939738
0.202076 9.930442
0.202320 9.920715
0.202564 9.911151
0.202808 9.901875
0.203053 9.892557
0.203297 9.882912
0.203541 9.873963
0.203785 9.864333
0.204029 9.854808
0.204274 9.845576
0.204518 9.836261
0.204762 9.826765
0.205006 9.817831
0.205250 9.808592
0.205495 9.799046
0.205739 9.789657
0.205983 9.780353
0.206227 9.771384
0.206471 9.762454
0.206716 9.752922
0.206960 9.743864
0.207204 9.734990
0.207448 9.725813
0.207692 9.716576
0.207937 9.707544
0.208181 9.698330
0.208425 9.689310
0.208669 9.680235
0.208913 9.671193
0.209158 9.662124
0.209402 9.653057
0.209646 9.644224
0.209890 9.635247
0.210134 9.626246
0.210379 9.617021
0.210623 9.608176
0.210867 9.599150
0.211111 9.590423
0.211355 9.581450
0.211600 9.572347
0.211844 9.564062
0.212088 9.555118
0.212332 9.545977
0.212576 9.536960
0.212821 9.528215
0.213065 9.519497
0.213309 9.511061
0.213553 9.501553
0.213797 9.493265
0.214042 9.484814
0.214286 9.475633
0.214530 9.467072
0.214774 9.458385
0.215018 9.449817
0.215263 9.441075
0.215507 9.432436
0.215751 9.423747
0.215995 9.415152
0.216239 9.406546
0.216484 9.397934
0.216728 9.389405
0.216972 9.380704
0.217216 9.372294
0.217460 9.363823
0.217705 9.355152
0.217949 9.346794
0.218193 9.338080
0.218437 9.329949
0.218681 9.321072
0.218926 9.312719
0.219170 9.304364
0.219414 9.295364
0.219658 9.287817
0.219902 9.279013
0.220147 9.270562
0.220391 9.262258
0.220635 9.253959
0.220879 9.245665
0.221123 9.237354
0.221368 9.229375
0.221612 9.220675
0.221856 9.212011
0.222100 9.204093
0.222344 9.195651
0.222589 9.187375
0.222833 9.179435
0.223077 9.171057
0.223321 9.162841
0.223565 9.154658
0.223810 9.146448
0.224054 9.138270
0.224298 9.130060
0.224542 9.121918
0.224786 9.113941
0.225031 9.105581
0.225275 9.097428
0.225519 9.089433
0.225763 9.081348
0.226007 9.073521
0.226252 9.065145
0.226496 9.057234
0.226740 9.049225
0.226984 9.041376
0.227228 9.033158
0.227473 9.025154
0.227717 9.017232
0.227961 9.009371
0.228205 9.001030
0.228449 8.992886
0.228694 8.985551
0.228938 8.977139
0.229182 8.969578
0.229426 8.961879
0.229670 8.953907
0.229915 8.945960
0.230159 8.938250
0.230403 8.930184
0.230647 8.922389
0.230891 8.914656
0.231136 8.906847
0.231380 8.899015
0.231624 8.891264
0.231868 8.883509
0.232112 8.875728
0.232357 8.868053
0.232601 8.860200
0.232845 8.852476
0.233089 8.844699
0.233333 8.837245
0.233578 8.829324
0.233822 8.821679
0.234066 8.813868
0.234310 8.806638
0.234554 8.798756
0.234799 8.791177
0.235043 8.783501
0.235287 8.776224
0.235531 8.768951
0.235775 8.760704
0.236020 8.753534
0.236264 8.745806
0.236508 8.738075
0.236752 8.730794
0.236996 8.723564
0.237241 8.715685
0.237485 8.708167
0.237729 8.700466
0.237973 8.693423
0.238217 8.685767
0.238462 8.678376
0.238706 8.671008
0.238950 8.663584
0.239194 8.656165
0.239438 8.648772
0.239683 8.641419
0.239927 8.633928
0.240171 8.626733
0.240415 8.619306
0.240659 8.612099
0.240904 8.604783
0.241148 8.597270
0.241392 8.590280
0.241636 8.582500
0.241880 8.575381
0.242125 8.568012
0.242369 8.560783
0.242613 8.553850
0.242857 8.546504
0.243101 8.539131
0.243346 8.531783
0.243590 8.524954
0.243834 8.517583
0.244078 8.510658
0.244322 8.503197
0.244567 8.496239
0.244811 8.488855
0.245055 8.481855
0.245299 8.474882
0.245543 8.467679
0.245788 8.460592
0.246032 8.453510
0.246276 8.446464
0.246520 8.439390
0.246764 8.432299
0.247009 8.425282
0.247253 8.418249
0.247497 8.411157
0.247741 8.404207
0.247985 8.397118
0.248230 8.390449
0.248474 8.383402
0.248718 8.376230
0.248962 8.369257
0.249206 8.362705
0.249451 8.355711
0.249695 8.348451
0.249939 8.341849
0.250183 8.334747
0.250427 8.328291
0.250672 8.321036
0.250916 8.314476
0.251160 8.307369
0.251404 8.300612
0.251648 8.293479
0.251893 8.286700
0.252137 8.279832
0.252381 8.273053
0.252625 8.266779
0.252869 8.259863
0.253114 8.253003
0.253358 8.246095
0.253602 8.239445
0.253846 8.232621
0.254090 8.226022
0.254335 8.219269
0.254579 8.212552
0.254823 8.205834
0.255067 8.199157
0.255311 8.192533
0.255556 8.185714
0.255800 8.179146
0.256044 8.172534
0.256288 8.165808
0.256532 8.159480
0.256777 8.152604
0.257021 8.146317
0.257265 8.139786
0.257509 8.133090
0.257753 8.126525
0.257998 8.120024
0.258242 8.113214
0.258486 8.107187
0.258730 8.100347
0.258974 8.093320
0.259219 8.087319
0.259463 8.080638
0.259707 8.074163
0.259951 8.067832
0.260195 8.061380
0.260440 8.054669
0.260684 8.048482
0.260928 8.041967
0.261172 8.035618
0.261416 8.029134
0.261661 8.022657
0.261905 8.016309
0.262149 8.009901
0.262393 8.003552
0.262637 7.997192
0.262882 7.990807
0.263126 7.984380
0.263370 7.978177
0.263614 7.971873
0.263858 7.965751
0.264103 7.959291
0.264347 7.952859
0.264591 7.946729
0.264835 7.940488
0.265079 7.934159
0.265324 7.928301
0.265568 7.921671
0.265812 7.915438
0.266056 7.909240
0.266300 7.902775
0.266545 7.896713
0.266789 7.890833
0.267033 7.884334
0.267277 7.878112
0.267521 7.871944
0.267766 7.865794
0.268010 7.859397
0.268254 7.853611
0.268498 7.847677
0.268742 7.841259
0.268987 7.835379
0.269231 7.829181
0.269475 7.823120
0.269719 7.817019
0.269963 7.810946
0.270208 7.804877
0.270452 7.798864
0.270696 7.792763
0.270940 7.786749
0.271184 7.780898
0.271429 7.774853
0.271673 7.768861
0.271917 7.762759
0.272161 7.756884
0.272405 7.751126
0.272650 7.744646
0.272894 7.738854
0.273138 7.732758
0.273382 7.726838
0.273626 7.721035
0.273871 7.715166
0.274115 7.709123
0.274359 7.703226
0.274603 7.697572
0.274847 7.691131
0.275092 7.685640
0.275336 7.679626
0.275580 7.674280
0.275824 7.668136
0.276068 7.662174
0.276313 7.656351
0.276557 7.650701
0.276801 7.644787
0.277045 7.639046
0.277289 7.633314
0.277534 7.627491
0.277778 7.621744
0.278022 7.615975
0.278266 7.610214
0.278510 7.604395
0.278755 7.598634
0.278999 7.593015
0.279243 7.587411
0.279487 7.581651
0.279731 7.575827
0.279976 7.570274
0.280220 7.564530
0.280464 7.558839
0.280708 7.552821
0.280952 7.547770
0.281197 7.541759
0.281441 7.536297
0.281685 7.530907
0.281929 7.524980
0.282173 7.519893
0.282418 7.513500
0.282662 7.508318
0.282906 7.502843
0.283150 7.497168
0.283394 7.491530
0.283639 7.486213
0.283883 7.480430
0.284127 7.474819
0.284371 7.469535
0.284615 7.463907
0.284860 7.458416
0.285104 7.452904
0.285348 7.447417
0.285592 7.441926
0.285836 7.436507
0.286081 7.430916
0.286325 7.425591
0.286569 7.419980
0.286813 7.414683
0.287057 7.409191
0.287302 7.403960
0.287546 7.398505
0.287790 7.392730
0.288034 7.387557
0.288278 7.382303
0.288523 7.377087
0.288767 7.371414
0.289011 7.366203
0.289255 7.360891
0.289499 7.355383
0.289744 7.350205
0.289988 7.344584
0.290232 7.339369
0.290476 7.334127
0.290720 7.328798
0.290965 7.323654
0.291209 7.318429
0.291453 7.312950
0.291697 7.307697
0.291941 7.302450
0.292186 7.297227
0.292430 7.292188
0.292674 7.286784
0.292918 7.281584
0.293162 7.276378
0.293407 7.271128
0.293651 7.265944
0.293895 7.260786
0.294139 7.255612
0.294383 7.250310
0.294628 7.245151
0.294872 7.240135
0.295116 7.234810
0.295360 7.230020
0.295604 7.224760
0.295849 7.219648
0.296093 7.214363
0.296337 7.209370
0.296581 7.204516
0.296825 7.199204
0.297070 7.194302
0.297314 7.188681
0.297558 7.183782
0.297802 7.178948
0.298046 7.173615
0.298291 7.168690
0.298535 7.163727
0.298779 7.158665
0.299023 7.153679
0.299267 7.148772
0.299512 7.143795
0.299756 7.138761
0.300000 7.133782
0.300244 7.128805
0.300488 7.123841
0.300733 7.118875
0.300977 7.113927
0.301221 7.108965
0.301465 7.104073
0.301709 7.099070
0.301954 7.094166
0.302198 7.089395
0.302442 7.084434
0.302686 7.079715
0.302930 7.074670
0.303175 7.069591
0.303419 7.065006
0.303663 7.059846
0.303907 7.055269
0.304151 7.050438
0.304396 7.045223
0.304640 7.040627
0.304884 7.035585
0.305128 7.031294
0.305372 7.026254
0.305617 7.021239
0.305861 7.016699
0.306105 7.011927
0.306349 7.007254
0.306593 7.002330
0.306838 6.997502
0.307082 6.992721
0.307326 6.988029
0.307570 6.983395
0.307814 6.978597
0.308059 6.973897
0.308303 6.969232
0.308547 6.964499
0.308791 6.959788
0.309035 6.955114
0.309280 6.950416
0.309524 6.945707
0.309768 6.941232
0.310012 6.936483
0.310256 6.931630
0.310501 6.927176
0.310745 6.922489
0.310989 6.917799
0.311233 6.913320
0.311477 6.908777
0.311722 6.904081
0.311966 6.899113
0.312210 6.894983
0.312454 6.890549
0.312698 6.885605
0.312943 6.881006
0.313187 6.876673
0.313431 6.872002
0.313675 6.867855
0.313919 6.863320
0.314164 6.858597
0.314408 6.853850
0.314652 6.849615
0.314896 6.845073
0.315140 6.840540
0.315385 6.836039
0.315629 6.831544
0.315873 6.827065
0.316117 6.822645
0.316361 6.818172
0.316606 6.813707
0.316850 6.809284
0.317094 6.804939
0.317338 6.800455
0.317582 6.795994
0.317827 6.791632
0.318071 6.787310
0.318315 6.782597
0.318559 6.778471
0.318803 6.773868
0.319048 6.769754
0.319292 6.765294
0.319536 6.760685
0.319780 6.756443
0.320024 6.752122
0.320269 6.747645
0.320513 6.743499
0.320757 6.738876
0.321001 6.734939
0.321245 6.730622
0.321490 6.726340
0.321734 6.722092
0.321978 6.717636
0.322222 6.713848
0.322466 6.709286
0.322711 6.704991
0.322955 6.700771
0.323199 6.696436
0.323443 6.692247
0.323687 6.688010
0.323932 6.683766
0.324176 6.679553
0.324420 6.675343
0.324664 6.671157
0.324908 6.667011
0.325153 6.662625
0.325397 6.658580
0.325641 6.654444
0.325885 6.650234
0.326129 6.646121
0.326374 6.642252
0.326618 6.637935
0.326862 6.633671
0.327106 6.629199
0.327350 6.625389
0.327595 6.621553
0.327839 6.617333
0.328083 6.613063
0.328327 6.609277
0.328571 6.604703
0.328816 6.600683
0.329060 6.596857
0.329304 6.592539
0.329548 6.588459
0.329792 6.584462
0.330037 6.580427
0.330281 6.576407
0.330525 6.572373
0.330769 6.568421
0.331013 6.564366
0.331258 6.560369
0.331502 6.556400
0.331746 6.552394
0.331990 6.548391
0.332234 6.544436
0.332479 6.540489
0.332723 6.536489
0.332967 6.532578
0.333211 6.528734
0.333455 6.524559
0.333700 6.520732
0.333944 6.516746
0.334188 6.512766
0.334432 6.508897
0.334676 6.505395
0.334921 6.501151
0.335165 6.497422
0.335409 6.493458
0.335653 6.489424
0.335897 6.485658
0.336142 6.481551
0.336386 6.477998
0.336630 6.474157
0.336874 6.469962
0.337118 6.466476
0.337363 6.462550
0.337607 6.458698
0.337851 6.454876
0.338095 6.451038
0.338339 6.447313
0.338584 6.443420
0.338828 6.439674
0.339072 6.435844
0.339316 6.432106
0.339560 6.428328
0.339805 6.424597
0.340049 6.420817
0.340293 6.417063
0.340537 6.413271
0.340781 6.409441
0.341026 6.405821
0.341270 6.402250
0.341514 6.398458
0.341758 6.394604
0.342002 6.390998
0.342247 6.387405
0.342491 6.383744
0.342735 6.379862
0.342979 6.376211
0.343223 6.372557
0.343468 6.368955
0.343712 6.365452
0.343956 6.361650
0.344200 6.357912
0.344444 6.354507
0.344689 6.350868
0.344933 6.347191
0.345177 6.343503
0.345421 6.339954
0.345665 6.336173
0.345910 6.332769
0.346154 6.329167
0.346398 6.325607
0.346642 6.322019
0.346886 6.318468
0.347131 6.314898
0.347375 6.311363
0.347619 6.307854
0.347863 6.304221
0.348107 6.300649
0.348352 6.297265
0.348596 6.293590
0.348840 6.290293
0.349084 6.286603
0.349328 6.283166
0.349573 6.279690
0.349817 6.276179
0.350061 6.272576
0.350305 6.269194
0.350549 6.265621
0.350794 6.262157
0.351038 6.258831
0.351282 6.255353
0.351526 6.252008
0.351770 6.248440
0.352015 6.244987
0.352259 6.241661
0.352503 6.238188
0.352747 6.234870
0.352991 6.231475
0.353236 6.228152
0.353480 6.224661
0.353724 6.221281
0.353968 6.217906
0.354212 6.214524
0.354457 6.211179
0.354701 6.207835
0.354945 6.204480
0.355189 6.201161
0.355433 6.197836
0.355678 6.194413
0.355922 6.191286
0.356166 6.187847
0.356410 6.184613
0.356654 6.181227
0.356899 6.177794
0.357143 6.174714
0.357387 6.171345
0.357631 6.168251
0.357875 6.165039
0.358120 6.161763
0.358364 6.158120
0.358608 6.155058
0.358852 6.151985
0.359096 6.148491
0.359341 6.145195
0.359585 6.142065
0.359829 6.138967
0.360073 6.135609
0.360317 6.132631
0.360562 6.129273
0.360806 6.126233
0.361050 6.122914
0.361294 6.119830
0.361538 6.116564
0.361783 6.113420
0.362027 6.110249
0.362271 6.107109
0.362515 6.103957
0.362759 6.100843
0.363004 6.097712
0.363248 6.094578
0.363492 6.091457
0.363736 6.088317
0.363980 6.085102
0.364225 6.082199
0.364469 6.079136
0.364713 6.076025
0.364957 6.072918
0.365201 6.069677
0.365446 6.066625
0.365690 6.063507
0.365934 6.060545
0.366178 6.057435
0.366422 6.054483
0.366667 6.051430
0.366911 6.048315
0.367155 6.045488
0.367399 6.042282
0.367643 6.039260
0.367888 6.036378
0.368132 6.033170
0.368376 6.030390
0.368620 6.027371
0.368864 6.024330
0.369109 6.021346
0.369353 6.018407
0.369597 6.015474
0.369841 6.012504
0.370085 6.009546
0.370330 6.006592
0.370574 6.003647
0.370818 6.000724
0.371062 5.997817
0.371306 5.994841
0.371551 5.991982
0.371795 5.988943
0.372039 5.986090
0.372283 5.983237
0.372527 5.980369
0.372772 5.977514
0.373016 5.974427
0.373260 5.971808
0.373504 5.968882
0.373748 5.966102
0.373993 5.963340
0.374237 5.960332
0.374481 5.957643
0.374725 5.954846
0.374969 5.951722
0.375214 5.949204
0.375458 5.946295
0.375702 5.943371
0.375946 5.940705
0.376190 5.937787
0.376435 5.935094
0.376679 5.932274
0.376923 5.929473
0.377167 5.926675
0.377411 5.923904
0.377656 5.921159
0.377900 5.918403
0.378144 5.915648
0.378388 5.912857
0.378632 5.910165
0.378877 5.907444
0.379121 5.904631
0.379365 5.901958
0.379609 5.899244
0.379853 5.896536
0.380098 5.893955
0.380342 5.891206
0.380586 5.888350
0.380830 5.885886
0.381074 5.883228
0.381319 5.880360
0.381563 5.877890
0.381807 5.875147
0.382051 5.872684
0.382295 5.869945
0.382540 5.867334
0.382784 5.864553
0.383028 5.861943
0.383272 5.859322
0.383516 5.856741
0.383761 5.854074
0.384005 5.851522
0.384249 5.848959
0.384493 5.846323
0.384737 5.843768
0.384982 5.841242
0.385226 5.838616
0.385470 5.836046
0.385714 5.833471
0.385958 5.830927
0.386203 5.828357
0.386447 5.825831
0.386691 5.823281
0.386935 5.820866
0.387179 5.818153
0.387424 5.815805
0.387668 5.813118
0.387912 5.810687
0.388156 5.808134
0.388400 5.805959
0.388645 5.803161
0.388889 5.800829
0.389133 5.798330
0.389377 5.795771
0.389621 5.793334
0.389866 5.790980
0.390110 5.788521
0.390354 5.786144
0.390598 5.783449
0.390842 5.781190
0.391087 5.778517
0.391331 5.776084
0.391575 5.773773
0.391819 5.771517
0.392063 5.768929
0.392308 5.766588
0.392552 5.764139
0.392796 5.761800
0.393040 5.759421
0.393284 5.757036
0.393529 5.754690
0.393773 5.752289
0.394017 5.749925
0.394261 5.747585
0.394505 5.745209
0.394750 5.742945
0.394994 5.740602
0.395238 5.738214
0.395482 5.736069
0.395726 5.733760
0.395971 5.731224
0.396215 5.728827
0.396459 5.726708
0.396703 5.724292
0.396947 5.722139
0.397192 5.719699
0.397436 5.717456
0.397680 5.715235
0.397924 5.713005
0.398168 5.710963
0.398413 5.708499
0.398657 5.706351
0.398901 5.703961
0.399145 5.701855
0.399389 5.699537
0.399634 5.697355
0.399878 5.695077
0.400122 5.692856
0.400366 5.690706
0.400611 5.688486
0.400855 5.686292
0.401099 5.684105
0.401343 5.681912
0.401587 5.679775
0.401832 5.677540
0.402076 5.675427
0.402320 5.673206
0.402564 5.670942
0.402808 5.668964
0.403053 5.666772
0.403297 5.664678
0.403541 5.662448
0.403785 5.660703
0.404029 5.658345
0.404274 5.656170
0.404518 5.654044
0.404762 5.651977
0.405006 5.649865
0.405250 5.647764
0.405495 5.645717
0.405739 5.643585
0.405983 5.641579
0.406227 5.639414
0.406471 5.637358
0.406716 5.635238
0.406960 5.633348
0.407204 5.631249
0.407448 5.629197
0.407692 5.627143
0.407937 5.625101
0.408181 5.623108
0.408425 5.621079
0.408669 5.619068
0.408913 5.617053
0.409158 5.615056
0.409402 5.613069
0.409646 5.610964
0.409890 5.609129
0.410134 5.607062
0.410379 5.605156
0.410623 5.603274
0.410867 5.601067
0.411111 5.599263
0.411355 5.597046
0.411600 5.595343
0.411844 5.593242
0.412088 5.591494
0.412332 5.589555
0.412576 5.587474
0.412821 5.585722
0.413065 5.583690
0.413309 5.581914
0.413553 5.579990
0.413797 5.578081
0.414042 5.576244
0.414286 5.574390
0.414530 5.572497
0.414774 5.570625
0.415018 5.568766
0.415263 5.566841
0.415507 5.564995
0.415751 5.563160
0.415995 5.561320
0.416239 5.559479
0.416484 5.557644
0.416728 5.555828
0.416972 5.554033
0.417216 5.552154
0.417460 5.550393
0.417705 5.548579
0.417949 5.546733
0.418193 5.544865
0.418437 5.543320
0.418681 5.541431
0.418926 5.539635
0.419170 5.537730
0.419414 5.536220
0.419658 5.534449
0.419902 5.532680
0.420147 5.530862
0.420391 5.528915
0.420635 5.527401
0.420879 5.525481
0.421123 5.523966
0.421368 5.522179
0.421612 5.520423
0.421856 5.518822
0.422100 5.516989
0.422344 5.515407
0.422589 5.513627
0.422833 5.511974
0.423077 5.510242
0.423321 5.508609
0.423565 5.506925
0.423810 5.505267
0.424054 5.503618
0.424298 5.501941
0.424542 5.500305
0.424786 5.498621
0.425031 5.496980
0.425275 5.495425
0.425519 5.493765
0.425763 5.492118
0.426007 5.490558
0.426252 5.489126
0.426496 5.487277
0.426740 5.485789
0.426984 5.484026
0.427228 5.482463
0.427473 5.481090
0.427717 5.479246
0.427961 5.477797
0.428205 5.476296
0.428449 5.474602
0.428694 5.473094
0.428938 5.471440
0.429182 5.469975
0.429426 5.468554
0.429670 5.466940
0.429915 5.465488
0.430159 5.463900
0.430403 5.462317
0.430647 5.460908
0.430891 5.459334
0.431136 5.457843
0.431380 5.456359
0.431624 5.454869
0.431868 5.453377
0.432112 5.451894
0.432357 5.450428
0.432601 5.448970
0.432845 5.447500
0.433089 5.446085
0.433333 5.444578
0.433578 5.443247
0.433822 5.441591
0.434066 5.440371
0.434310 5.438820
0.434554 5.437532
0.434799 5.435953
0.435043 5.434550
0.435287 5.433140
0.435531 5.431879
0.435775 5.430443
0.436020 5.429162
0.436264 5.427664
0.436508 5.426381
0.436752 5.424874
0.436996 5.423430
0.437241 5.422121
0.437485 5.420789
0.437729 5.419430
0.437973 5.418105
0.438217 5.416794
0.438462 5.415371
0.438706 5.414104
0.438950 5.412766
0.439194 5.411444
0.439438 5.410118
0.439683 5.408804
0.439927 5.407554
0.440171 5.406172
0.440415 5.404933
0.440659 5.403727
0.440904 5.402327
0.441148 5.401235
0.441392 5.399860
0.441636 5.398439
0.441880 5.397170
0.442125 5.395867
0.442369 5.394660
0.442613 5.393472
0.442857 5.392249
0.443101 5.390910
0.443346 5.389839
0.443590 5.388591
0.443834 5.387321
0.444078 5.386307
0.444322 5.384803
0.444567 5.383692
0.444811 5.382522
0.445055 5.381376
0.445299 5.380161
0.445543 5.379006
0.445788 5.377865
0.446032 5.376597
0.446276 5.375453
0.446520 5.374291
0.446764 5.373168
0.447009 5.372017
0.447253 5.370874
0.447497 5.369740
0.447741 5.368632
0.447985 5.367446
0.448230 5.366338
0.448474 5.365293
0.448718 5.364050
0.448962 5.362951
0.449206 5.362024
0.449451 5.360848
0.449695 5.359680
0.449939 5.358600
0.450183 5.357537
0.450427 5.356409
0.450672 5.355436
0.450916 5.354375
0.451160 5.353279
0.451404 5.352233
0.451648 5.351096
0.451893 5.350195
0.452137 5.349084
0.452381 5.348120
0.452625 5.347092
0.452869 5.346111
0.453114 5.345045
0.453358 5.344002
0.453602 5.342989
0.453846 5.342026
0.454090 5.341029
0.454335 5.340036
0.454579 5.339059
0.454823 5.338083
0.455067 5.337115
0.455311 5.336122
0.455556 5.335161
0.455800 5.334294
0.456044 5.333272
0.456288 5.332309
0.456532 5.331357
0.456777 5.330425
0.457021 5.329479
0.457265 5.328621
0.457509 5.327692
0.457753 5.326768
0.457998 5.325910
0.458242 5.325014
0.458486 5.324109
0.458730 5.323336
0.458974 5.322221
0.459219 5.321470
0.459463 5.320453
0.459707 5.319674
0.459951 5.318725
0.460195 5.317860
0.460440 5.317052
0.460684 5.316211
0.460928 5.315348
0.461172 5.314524
0.461416 5.313710
0.461661 5.312922
0.461905 5.312085
0.462149 5.311260
0.462393 5.310455
0.462637 5.309614
0.462882 5.308818
0.463126 5.308031
0.463370 5.307222
0.463614 5.306458
0.463858 5.305776
0.464103 5.304893
0.464347 5.304123
0.464591 5.303336
0.464835 5.302491
0.465079 5.301873
0.465324 5.301125
0.465568 5.300379
0.465812 5.299609
0.466056 5.298799
0.466300 5.298121
0.466545 5.297384
0.466789 5.296799
0.467033 5.295945
0.467277 5.295302
0.467521 5.294601
0.467766 5.293808
0.468010 5.293205
0.468254 5.292492
0.468498 5.291821
0.468742 5.291153
0.468987 5.290419
0.469231 5.289807
0.469475 5.289126
0.469719 5.288491
0.469963 5.287828
0.470208 5.287195
0.470452 5.286550
0.470696 5.285912
0.470940 5.285301
0.471184 5.284600
0.471429 5.284049
0.471673 5.283412
0.471917 5.282814
0.472161 5.282163
0.472405 5.281596
0.472650 5.281059
0.472894 5.280323
0.473138 5.279864
0.473382 5.279287
0.473626 5.278665
0.473871 5.278244
0.474115 5.277605
0.474359 5.277011
0.474603 5.276626
0.474847 5.275927
0.475092 5.275320
0.475336 5.275014
0.475580 5.274346
0.475824 5.273864
0.476068 5.273273
0.476313 5.272797
0.476557 5.272275
0.476801 5.271771
0.477045 5.271264
0.477289 5.270786
0.477534 5.270300
0.477778 5.269840
0.478022 5.269334
0.478266 5.268885
0.478510 5.268449
0.478755 5.267898
0.478999 5.267498
0.479243 5.266987
0.479487 5.266616
0.479731 5.266190
0.479976 5.265777
0.480220 5.265403
0.480464 5.265032
0.480708 5.264461
0.480952 5.263934
0.481197 5.263625
0.481441 5.263167
0.481685 5.262815
0.481929 5.262420
0.482173 5.262060
0.482418 5.261530
0.482662 5.261359
0.482906 5.260885
0.483150 5.260503
0.483394 5.260134
0.483639 5.259759
0.483883 5.259415
0.484127 5.259074
0.484371 5.258762
0.484615 5.258436
0.484860 5.258093
0.485104 5.257770
0.485348 5.257460
0.485592 5.257130
0.485836 5.256804
0.486081 5.256511
0.486325 5.256212
0.486569 5.255885
0.486813 5.255669
0.487057 5.255426
0.487302 5.255173
0.487546 5.254859
0.487790 5.254463
0.488034 5.254300
0.488278 5.254036
0.488523 5.253806
0.488767 5.253571
0.489011 5.253332
0.489255 5.252972
0.489499 5.252797
0.489744 5.252579
0.489988 5.252322
0.490232 5.252145
0.490476 5.251982
0.490720 5.251772
0.490965 5.251526
0.491209 5.251409
0.491453 5.251104
0.491697 5.250953
0.491941 5.250778
0.492186 5.250612
0.492430 5.250441
0.492674 5.250274
0.492918 5.250113
0.493162 5.249974
0.493407 5.249797
0.493651 5.249640
0.493895 5.249547
0.494139 5.249405
0.494383 5.249233
0.494628 5.249195
0.494872 5.249045
0.495116 5.249017
0.495360 5.248710
0.495604 5.248709
0.495849 5.248635
0.496093 5.248511
0.496337 5.248417
0.496581 5.248285
0.496825 5.248209
0.497070 5.248110
0.497314 5.248355
0.497558 5.247992
0.497802 5.248088
0.498046 5.248016
0.498291 5.247941
0.498535 5.247865
0.498779 5.247888
0.499023 5.247821
0.499267 5.247804
0.499512 5.247789
0.499756 5.247790
0.500000 5.247777
