-0.500000 -167.798622
-0.492126 -149.223325
-0.484252 -143.192373
-0.476378 -139.653286
-0.468504 -137.130339
-0.460630 -135.161045
-0.452756 -133.539396
-0.444882 -132.155493
-0.437008 -130.943730
-0.429134 -129.861784
-0.421260 -128.880753
-0.413386 -127.980017
-0.405512 -127.144348
-0.397638 -126.362180
-0.389764 -125.624523
-0.381890 -124.924253
-0.374016 -124.255630
-0.366142 -123.613969
-0.358268 -122.995399
-0.350394 -122.396695
-0.342520 -121.815151
-0.334646 -121.248483
-0.326772 -120.694765
-0.318898 -120.152375
-0.311024 -119.619954
-0.303150 -119.096385
-0.295276 -118.580775
-0.287402 -118.072445
-0.279528 -117.570935
-0.271654 -117.076015
-0.263780 -116.587700
-0.255906 -116.106293
-0.248031 -115.632426
-0.240157 -115.167136
-0.232283 -114.711959
-0.224409 -114.269070
-0.216535 -113.841473
-0.208661 -113.433277
-0.200787 -113.050094
-0.192913 -112.699626
-0.185039 -112.392561
-0.177165 -112.143990
-0.169291 -111.975724
-0.161417 -111.920329
-0.153543 -112.028588
-0.145669 -112.384671
-0.137795 -113.140987
-0.129921 -114.614624
-0.122047 -117.652660
-0.114173 -126.559696
-0.106299 -122.130933
-0.098425 -111.676025
-0.090551 -105.679146
-0.082677 -101.167938
-0.074803 -97.590111
-0.066929 -95.052695
-0.059055 -94.636274
-0.051181 -105.496866
-0.043307 -90.203834
-0.035433 -81.894396
-0.027559 -20.553225
-0.019685 5.921894
-0.011811 21.239604
-0.003937 29.548973
0.003937 32.201378
0.011811 29.548973
0.019685 21.239604
0.027559 5.921894
0.035433 -20.553225
0.043307 -81.894396
0.051181 -90.203834
0.059055 -105.496866
0.066929 -94.636274
0.074803 -95.052695
0.082677 -97.590111
0.090551 -101.167938
0.098425 -105.679146
0.106299 -111.676025
0.114173 -122.130933
0.122047 -126.559696
0.129921 -117.652660
0.137795 -114.614624
0.145669 -113.140987
0.153543 -112.384671
0.161417 -112.028588
0.169291 -111.920329
0.177165 -111.975724
0.185039 -112.143990
0.192913 -112.392561
0.200787 -112.699626
0.208661 -113.050094
0.216535 -113.433277
0.224409 -113.841473
0.232283 -114.269070
0.240157 -114.711959
0.248031 -115.167136
0.255906 -115.632426
0.263780 -116.106293
0.271654 -116.587700
0.279528 -117.076015
0.287402 -117.570935
0.295276 -118.072445
0.303150 -118.580775
0.311024 -119.096385
0.318898 -119.619954
0.326772 -120.152375
0.334646 -120.694765
0.342520 -121.248483
0.350394 -121.815151
0.358268 -122.396695
0.366142 -122.995399
0.374016 -123.613969
0.381890 -124.255630
0.389764 -124.924253
0.397638 -125.624523
0.405512 -126.362180
0.413386 -127.144348
0.421260 -127.980017
0.429134 -128.880753
0.437008 -129.861784
0.444882 -130.943730
0.452756 -132.155493
0.460630 -133.539396
0.468504 -135.161045
0.476378 -137.130339
0.484252 -139.653286
0.492126 -143.192372
0.500000 -149.223325
