0.000000 0.000003
1.000000 0.000011
2.000000 0.000027
3.000000 0.000054
4.000000 0.000099
5.000000 0.000170
6.000000 0.000276
7.000000 0.000431
8.000000 0.000649
9.000000 0.000949
10.000000 0.001357
11.000000 0.001898
12.000000 0.002605
13.000000 0.003517
14.000000 0.004677
15.000000 0.006134
16.000000 0.007943
17.000000 0.010167
18.000000 0.012872
19.000000 0.016133
20.000000 0.020028
21.000000 0.024641
22.000000 0.030062
23.000000 0.036383
24.000000 0.043697
25.000000 0.052101
26.000000 0.061691
27.000000 0.072559
28.000000 0.084797
29.000000 0.098489
30.000000 0.113712
31.000000 0.130535
32.000000 0.149014
33.000000 0.169191
34.000000 0.191095
35.000000 0.214735
36.000000 0.240102
37.000000 0.267166
38.000000 0.295876
39.000000 0.326155
40.000000 0.357906
41.000000 0.391005
42.000000 0.425306
43.000000 0.460637
44.000000 0.496805
45.000000 0.533595
46.000000 0.570773
47.000000 0.608086
48.000000 0.645267
49.000000 0.682038
50.000000 0.718110
51.000000 0.753190
52.000000 0.786983
53.000000 0.819197
54.000000 0.849545
55.000000 0.877752
56.000000 0.903556
57.000000 0.926713
58.000000 0.947001
59.000000 0.964224
60.000000 0.978213
61.000000 0.988828
62.000000 0.995965
63.000000 0.999551
64.000000 0.999551
65.000000 0.995965
66.000000 0.988828
67.000000 0.978213
68.000000 0.964224
69.000000 0.947001
70.000000 0.926713
71.000000 0.903556
72.000000 0.877752
73.000000 0.849545
74.000000 0.819197
75.000000 0.786983
76.000000 0.753190
77.000000 0.718110
78.000000 0.682038
79.000000 0.645267
80.000000 0.608086
81.000000 0.570773
82.000000 0.533595
83.000000 0.496805
84.000000 0.460637
85.000000 0.425306
86.000000 0.391005
87.000000 0.357906
88.000000 0.326155
89.000000 0.295876
90.000000 0.267166
91.000000 0.240102
92.000000 0.214735
93.000000 0.191095
94.000000 0.169191
95.000000 0.149014
96.000000 0.130535
97.000000 0.113712
98.000000 0.098489
99.000000 0.084797
100.000000 0.072559
101.000000 0.061691
102.000000 0.052101
103.000000 0.043697
104.000000 0.036383
105.000000 0.030062
106.000000 0.024641
107.000000 0.020028
108.000000 0.016133
109.000000 0.012872
110.000000 0.010167
111.000000 0.007943
112.000000 0.006134
113.000000 0.004677
114.000000 0.003517
115.000000 0.002605
116.000000 0.001898
117.000000 0.001357
118.000000 0.000949
119.000000 0.000649
120.000000 0.000431
121.000000 0.000276
122.000000 0.000170
123.000000 0.000099
124.000000 0.000054
125.000000 0.000027
126.000000 0.000011
127.000000 0.000003
